#log10(M_PBH/g)    log10(beta_max)
-0.34947752092351, -20.00986308928119
-0.32992566356676, -19.99454821196937
-0.3103688191274, -19.96392525791293
-0.29081197468806, -19.93330230385648
-0.27125513024871, -19.90267934980004
-0.25169828580936, -19.87205639574359
-0.23214144137001, -19.84143344168714
-0.21258459693067, -19.81081048763069
-0.19302775249132, -19.78018753357426
-0.17347090805197, -19.74956457951781
-0.15391905069523, -19.73424970220599
-0.13436220625588, -19.70362674814955
-0.11480536181653, -19.67300379409311
-0.09524851737718, -19.64238084003666
-0.07569167293783, -19.61175788598022
-0.05613482849848, -19.58113493192377
-0.03657798405913, -19.55051197786733
-0.01702113961978, -19.51988902381088
0.00253570481957, -19.48926606975444
0.02209254925892, -19.45864311569799
0.04164440661566, -19.44332823838617
0.06120125105501, -19.41270528432973
0.08075809549436, -19.38208233027327
0.10031493993371, -19.35145937621684
0.11987178437306, -19.32083642216039
0.1394286288124, -19.29021346810394
0.15898547325175, -19.25959051404751
0.1785423176911, -19.22896755999106
0.19809916213045, -19.19834460593461
0.2176560065698, -19.16772165187817
0.23720786392654, -19.15240677456635
0.25676470836589, -19.12178382050991
0.27632155280524, -19.09116086645346
0.29587839724459, -19.06053791239702
0.31543524168393, -19.02991495834057
0.33499208612329, -18.99929200428413
0.35454893056264, -18.96866905022769
0.37410577500199, -18.93804609617124
0.39366261944134, -18.90742314211479
0.41321946388067, -18.87680018805835
0.43277132123743, -18.86148531074653
0.45232816567678, -18.83086235669009
0.47188501011613, -18.80023940263364
0.49144185455548, -18.7696164485772
0.51099869899482, -18.73899349452075
0.53055554343417, -18.70837054046431
0.55011238787352, -18.67774758640786
0.56966923231287, -18.64712463235142
0.58922607675222, -18.61650167829498
0.60878292119156, -18.58587872423853
0.62833976563092, -18.55525577018209
0.64789162298766, -18.53994089287027
0.66744846742701, -18.50931793881382
0.68700531186636, -18.47869498475738
0.70656215630571, -18.44807203070093
0.72611900074506, -18.41744907664449
0.7456758451844, -18.38682612258804
0.76523268962376, -18.3562031685316
0.7847895340631, -18.32558021447515
0.80434637850246, -18.29495726041871
0.8239032229418, -18.26433430636227
0.84345508029855, -18.24901942905045
0.86301192473789, -18.218396474994
0.88256876917724, -18.18777352093755
0.90212561361659, -18.15715056688111
0.92168245805594, -18.12652761282467
0.94123930249529, -18.09590465876822
0.96079614693464, -18.06528170471178
0.98035299137399, -18.03465875065533
0.99990983581334, -18.00403579659889
1.01946668025269, -17.97341284254244
1.03901853760943, -17.95809796523061
1.05857538204878, -17.92747501117418
1.07813222648813, -17.89685205711773
1.09768907092748, -17.86622910306128
1.11724591536683, -17.83560614900485
1.13680275980618, -17.8049831949484
1.15635960424552, -17.77436024089195
1.17591644868487, -17.7437372868355
1.19547329312422, -17.71311433277907
1.21503013756357, -17.68249137872262
1.23458698200292, -17.65186842466618
1.25413883935967, -17.63655354735436
1.273695683799, -17.60593059329792
1.29325252823836, -17.57530763924147
1.31280937267771, -17.54468468518503
1.33236621711706, -17.51406173112858
1.35192306155641, -17.48343877707213
1.37147990599576, -17.45281582301569
1.39103675043511, -17.42219286895924
1.41059359487446, -17.3915699149028
1.43015043931381, -17.36094696084636
1.44970229667055, -17.34563208353454
1.4692591411099, -17.3150091294781
1.48881598554924, -17.28438617542165
1.50837282998859, -17.2537632213652
1.52792967442794, -17.22314026730876
1.5474865188673, -17.19251731325231
1.56704336330663, -17.16189435919587
1.58660020774599, -17.13127140513943
1.60615705218534, -17.10064845108298
1.62571389662469, -17.07002549702653
1.64526575398143, -17.05471061971472
1.66482259842078, -17.02408766565827
1.68437944286013, -16.99346471160183
1.70393628729947, -16.96284175754538
1.72349313173883, -16.93221880348894
1.74304997617818, -16.90159584943249
1.76260682061753, -16.87097289537605
1.78216366505688, -16.84034994131961
1.80172050949621, -16.80972698726316
1.82127735393557, -16.77910403320671
1.84083419837492, -16.74848107915026
1.86038605573167, -16.73316620183845
1.87994290017102, -16.70254324778201
1.89949974461036, -16.67192029372556
1.91905658904971, -16.64129733966912
1.93861343348906, -16.61067438561268
1.95817027792841, -16.58005143155623
1.97772712236776, -16.54942847749978
1.9972839668071, -16.51880552344334
2.01684081124646, -16.48818256938689
2.03639765568581, -16.45755961533045
2.05594951304255, -16.44224473801863
2.0755063574819, -16.41162178396219
2.09506320192125, -16.38099882990574
2.1146200463606, -16.3503758758493
2.13417689079994, -16.31975292179284
2.1537337352393, -16.28912996773641
2.17329057967865, -16.25850701367996
2.192847424118, -16.22788405962352
2.21240426855735, -16.19726110556706
2.23196111299669, -16.16663815151063
2.25151297035343, -16.15132327419881
2.27106981479279, -16.12070032014237
2.29062665923213, -16.09007736608592
2.31018350367148, -16.05945441202948
2.32974034811083, -16.02883145797303
2.34929719255018, -15.99820850391659
2.36885403698953, -15.96758554986014
2.38841088142888, -15.9369625958037
2.40796772586823, -15.90633964174725
2.42752457030758, -15.87571668769081
2.44708141474693, -15.84509373363437
2.46663327210367, -15.82977885632254
2.48619011654302, -15.7991559022661
2.50574696098237, -15.76853294820966
2.52530380542172, -15.73790999415321
2.54486064986107, -15.70728704009677
2.56441749430041, -15.67666408604032
2.58397433873976, -15.64604113198388
2.60353118317911, -15.61541817792744
2.62308802761846, -15.58479522387099
2.64264487205781, -15.55417226981455
2.66219672941454, -15.53885739250273
2.6817535738539, -15.50823443844628
2.70131041829325, -15.47761148438984
2.7208672627326, -15.44698853033339
2.74042410717195, -15.41636557627695
2.7599809516113, -15.3857426222205
2.77953779605065, -15.35511966816406
2.79909464049, -15.32449671410761
2.81865148492935, -15.29387376005117
2.8382083293687, -15.26325080599472
2.85776018672543, -15.2479359286829
2.87731703116479, -15.21731297462646
2.89687387560414, -15.18669002057001
2.91643072004349, -15.15606706651357
2.93598756448284, -15.12544411245713
2.95554440892219, -15.09482115840068
2.97510125336153, -15.06419820434424
2.99465809780088, -15.03357525028779
3.01421494224023, -15.00295229623135
3.03377178667958, -14.9723293421749
3.05332863111893, -14.94170638811846
3.07288048847567, -14.92639151080663
3.09243733291502, -14.89576855675018
3.11199417735437, -14.86514560269375
3.13155102179372, -14.8345226486373
3.15110786623307, -14.80389969458085
3.17066471067242, -14.77327674052442
3.19022155511177, -14.74265378646797
3.20977839955112, -14.71203083241152
3.22933524399047, -14.68140787835507
3.24889208842981, -14.65078492429864
3.26844394578656, -14.63547004698682
3.28800079022591, -14.60484709293037
3.30755763466525, -14.57422413887393
3.3271144791046, -14.54360118481748
3.34666633646135, -14.52828630750566
3.3662231809007, -14.49766335344922
3.38577503825744, -14.48234847613741
3.40533188269679, -14.45172552208096
3.42488872713614, -14.42110256802452
3.44444058449288, -14.4057876907127
3.46399244184962, -14.39047281340088
3.48353931212376, -14.39046601283369
3.50308119531529, -14.40576728901113
3.52262806558943, -14.40576048844394
3.54216994878096, -14.42106176462138
3.56171183197248, -14.43636304079881
3.58125870224663, -14.43635624023162
3.60080058543816, -14.45165751640906
3.6203474557123, -14.45165071584187
3.63988933890383, -14.46695199201931
3.65943122209536, -14.48225326819674
3.6789780923695, -14.48224646762955
3.69851997556102, -14.49754774380699
3.71806185875256, -14.51284901998443
3.7376087290267, -14.51284221941724
3.75715061221823, -14.52814349559468
3.77669748249236, -14.52813669502749
3.7962393656839, -14.54343797120493
3.81578124887543, -14.55873924738236
3.83532811914956, -14.55873244681517
3.85487000234109, -14.57403372299261
3.87441188553263, -14.58933499917004
3.89395875580675, -14.58932819860286
3.91350063899829, -14.60462947478029
3.93304252218982, -14.61993075095772
3.95258939246396, -14.61992395039054
3.97213127565549, -14.63522522656798
3.99167814592963, -14.63521842600079
4.01122002912116, -14.65051970217822
4.03076191231269, -14.66582097835567
4.05030878258683, -14.66581417778848
4.06985066577836, -14.68111545396591
4.08939254896989, -14.69641673014335
4.10893941924403, -14.69640992957616
4.12848130243556, -14.7117112057536
4.14802318562709, -14.72701248193103
4.16757005590123, -14.72700568136385
4.18711193909276, -14.74230695754128
4.2066588093669, -14.74230015697409
4.22620069255843, -14.75760143315153
4.24574257574996, -14.77290270932897
4.2652894460241, -14.77289590876178
4.28483132921563, -14.78819718493922
4.30437321240715, -14.80349846111665
4.32392008268129, -14.80349166054946
4.34346196587282, -14.8187929367269
4.36300384906436, -14.83409421290434
4.38255071933849, -14.83408741233715
4.40209260253003, -14.84938868851459
4.42163947280416, -14.84938188794739
4.44118135599569, -14.86468316412483
4.46072323918722, -14.87998444030227
4.48027010946136, -14.87997763973508
4.49981199265289, -14.89527891591251
4.51935387584442, -14.91058019208995
4.53890074611856, -14.91057339152277
4.55844262931009, -14.92587466770019
4.57798451250162, -14.94117594387764
4.59753138277576, -14.94116914331045
4.61707326596729, -14.95647041948789
4.63662013624142, -14.95646361892069
4.65616201943296, -14.97176489509813
4.67570390262449, -14.98706617127557
4.69525077289863, -14.98705937070838
4.71479265609016, -15.00236064688582
4.73433453928169, -15.01766192306326
4.75388140955583, -15.01765512249607
4.77342329274735, -15.0329563986735
4.79296517593889, -15.04825767485094
4.81251204621303, -15.04825087428375
4.83205392940456, -15.06355215046119
4.85160079967868, -15.063545349894
4.87114268287023, -15.07884662607144
4.89068456606176, -15.09414790224888
4.91023143633589, -15.09414110168168
4.92977331952742, -15.10944237785912
4.94931520271896, -15.12474365403656
4.96886207299309, -15.12473685346937
4.98840395618463, -15.14003812964681
5.00795082645876, -15.14003132907961
5.02749270965029, -15.15533260525705
5.04703459284183, -15.17063388143448
5.06658146311596, -15.1706270808673
5.08612334630749, -15.18592835704474
5.10566522949902, -15.20122963322217
5.12521209977316, -15.20122283265499
5.14475398296469, -15.21652410883242
5.16429586615622, -15.23182538500986
5.18384273643036, -15.23181858444267
5.20338461962189, -15.24711986062011
5.22293148989603, -15.24711306005292
5.24247337308756, -15.26241433623036
5.26201525627909, -15.27771561240779
5.28156212655323, -15.27770881184061
5.30110400974476, -15.29301008801804
5.32064589293629, -15.30831136419548
5.34019276321042, -15.30830456362829
5.35973464640196, -15.32360583980573
5.37927652959349, -15.33890711598316
5.39882339986763, -15.33890031541597
5.41836528305916, -15.35420159159341
5.43791215333329, -15.35419479102622
5.45745403652483, -15.36949606720366
5.47699591971636, -15.3847973433811
5.4965427899905, -15.38479054281391
5.51608467318202, -15.40009181899134
5.53562655637356, -15.41539309516877
5.55517342664769, -15.41538629460159
5.57471530983922, -15.43068757077903
5.59425719303074, -15.44598884695647
5.61380406330489, -15.44598204638927
5.63334594649642, -15.46128332256671
5.65289281677056, -15.46127652199952
5.67243469996209, -15.47657779817695
5.69197658315362, -15.4918790743544
5.71152345342776, -15.49187227378721
5.73106533661928, -15.50717354996465
5.75060721981082, -15.52247482614209
5.77015409008496, -15.52246802557489
5.78969597327649, -15.53776930175233
5.80923785646802, -15.55307057792977
5.82878472674216, -15.55306377736258
5.84832660993369, -15.56836505354002
5.86787348020782, -15.56835825297283
5.88741536339936, -15.58365952915027
5.90695724659089, -15.5989608053277
5.92650411686503, -15.59895400476051
5.94604600005656, -15.61425528093795
5.96558788324809, -15.62955655711539
5.98513475352222, -15.6295497565482
6.00467663671375, -15.64485103272563
6.02421851990529, -15.66015230890306
6.04376539017942, -15.66014550833588
6.06330727337096, -15.67544678451332
6.08285414364509, -15.67543998394613
6.10239602683662, -15.69074126012356
6.12193791002816, -15.706042536301
6.14148478030229, -15.7060357357338
6.16102666349382, -15.72133701191124
6.18056854668535, -15.73663828808869
6.20011541695949, -15.7366314875215
6.21965730015102, -15.75193276369894
6.23920417042516, -15.75192596313174
6.25874605361669, -15.76722723930918
6.27828793680822, -15.78252851548662
6.29783480708236, -15.78252171491943
6.31737669027389, -15.79782299109687
6.33691857346541, -15.81312426727431
6.35646544373956, -15.81311746670712
6.37600732693109, -15.82841874288455
6.39554921012262, -15.84372001906199
6.41509608039675, -15.8437132184948
6.43463796358829, -15.85901449467224
6.45418483386242, -15.85900769410505
6.47372671705396, -15.87430897028249
6.49326860024549, -15.88961024645992
6.51281547051962, -15.88960344589273
6.53235735371116, -15.90490472207017
6.55189923690269, -15.92020599824759
6.57144610717683, -15.92019919768042
6.59098799036835, -15.93550047385785
6.61052987355988, -15.95080175003529
6.63007674383402, -15.95079494946809
6.64961862702555, -15.96609622564553
6.66916549729968, -15.96608942507835
6.68870738049122, -15.98139070125579
6.70824926368276, -15.99669197743322
6.72779613395689, -15.99668517686603
6.74733801714842, -16.01198645304347
6.76687990033995, -16.02728772922091
6.78642677061409, -16.02728092865372
6.80596865380561, -16.04258220483116
6.82551053699715, -16.0578834810086
6.84505740727129, -16.0578766804414
6.86459929046282, -16.07317795661884
6.88414616073696, -16.07317115605165
6.90368804392849, -16.08847243222909
6.92322992712002, -16.10377370840653
6.94277679739415, -16.10376690783934
6.96231868058569, -16.11906818401678
6.98186056377722, -16.13436946019421
7.00140743405136, -16.13436265962702
7.02094931724289, -16.14966393580445
7.04049120043442, -16.16496521198189
7.06003807070856, -16.16495841141471
7.07957995390009, -16.18025968759214
7.09912682417422, -16.18025288702495
7.11866870736576, -16.19555416320239
7.13821059055729, -16.21085543937983
7.15775746083142, -16.21084863881264
7.17729934402296, -16.22614991499007
7.19684122721449, -16.24145119116751
7.21638809748863, -16.24144439060032
7.23592998068015, -16.25674566677776
7.25547186387168, -16.2720469429552
7.27501873414582, -16.272040142388
7.29456061733735, -16.28734141856545
7.31410748761149, -16.28733461799824
7.33364937080302, -16.30263589417569
7.35319125399455, -16.31793717035313
7.37273812426869, -16.31793036978594
7.39228000746022, -16.33323164596338
7.41182189065175, -16.34853292214082
7.43136876092589, -16.34852612157363
7.45091064411742, -16.36382739775106
7.47045751439156, -16.36382059718387
7.48999939758309, -16.37912187336131
7.50954128077462, -16.39442314953875
7.52908815104876, -16.39441634897156
7.54863003424028, -16.40971762514899
7.56817191743182, -16.42501890132643
7.58771878770596, -16.42501210075924
7.60726067089749, -16.44031337693668
7.62680255408902, -16.45561465311412
7.64634942436316, -16.45560785254693
7.66589130755468, -16.47090912872437
7.68543817782882, -16.47090232815717
7.70498006102035, -16.48620360433461
7.72452194421188, -16.50150488051205
7.74406881448602, -16.50149807994485
7.76361069767754, -16.51679935612229
7.78315258086909, -16.53210063229973
7.80269945114322, -16.53209383173255
7.82224133433475, -16.54739510790998
7.84178321752628, -16.56269638408742
7.86133008780042, -16.56268958352023
7.88087197099195, -16.57799085969767
7.90041884126608, -16.57798405913048
7.91996072445762, -16.59328533530791
7.93950260764915, -16.60858661148535
7.95904947792329, -16.60857981091816
7.97859136111482, -16.6238810870956
7.99813324430635, -16.63918236327304
8.01768011458049, -16.63917556270585
8.03722199777202, -16.65447683888328
8.05676388096355, -16.66977811506072
8.07631075123768, -16.66977131449353
8.09585263442922, -16.68507259067097
8.11539950470335, -16.68506579010378
8.13494138789489, -16.70036706628122
8.15448327108642, -16.71566834245864
8.17403014136055, -16.71566154189146
8.19357202455209, -16.7309628180689
8.21311390774362, -16.74626409424634
8.23266077801775, -16.74625729367914
8.25220266120929, -16.76155856985658
8.27174454440082, -16.77685984603403
8.29129141467496, -16.77685304546682
8.31083329786648, -16.79215432164427
8.33038016814062, -16.79214752107708
8.34992205133215, -16.80744879725452
8.36946393452369, -16.82275007343196
8.38901080479782, -16.82274327286477
8.40855268798935, -16.83804454904221
8.42809457118089, -16.85334582521964
8.44764144145502, -16.85333902465245
8.46718332464655, -16.86864030082989
8.48672520783808, -16.88394157700733
8.50627207811221, -16.88393477644014
8.52581396130375, -16.89923605261757
8.54536083157789, -16.89922925205038
8.56490271476942, -16.91453052822782
8.58444459796095, -16.92983180440526
8.60399146823509, -16.92982500383807
8.62353335142662, -16.9451262800155
8.64307523461814, -16.96042755619293
8.66262210489229, -16.96042075562575
8.68216398808382, -16.97572203180319
8.70171085835796, -16.975715231236
8.72125274154949, -16.99101650741344
8.74079462474102, -17.00631778359088
8.76034149501515, -17.00631098302368
8.77987839112407, -17.03692033594575
8.7993255197461, -17.34307507027111
8.81880755794635, -17.54207326738408
8.8382746348988, -17.78699569473093
8.85779656975991, -17.86352927788687
8.87732847878623, -17.90944670755356
8.89686038781254, -17.95536413722025
8.91639229683886, -18.00128156688695
8.93592420586518, -18.04719899655364
8.95546110197411, -18.07780834947571
8.97499301100043, -18.1237257791424
8.99452990710934, -18.15433513206446
9.01406680321827, -18.18494448498653
9.03359871224459, -18.23086191465322
9.05313560835352, -18.26147126757528
9.07267749154505, -18.27677254375272
9.09221438765398, -18.30738189667478
9.11175627084551, -18.32268317285223
9.13129316695443, -18.35329252577429
9.15083505014596, -18.36859380195173
9.17037194625489, -18.39920315487379
9.18990884236382, -18.42981250779586
9.20945072555535, -18.44511378397329
9.22898263458167, -18.49103121363999
9.2485245177732, -18.50633248981742
9.26806640096473, -18.52163376599486
9.28760828415626, -18.5369350421723
9.30715016734778, -18.55223631834974
9.32669205053932, -18.56753759452717
9.34623393373085, -18.58283887070461
9.36578080400499, -18.58283207013742
9.38532268719652, -18.59813334631486
9.40486457038805, -18.6134346224923
9.42440645357958, -18.62873589866973
9.44395332385371, -18.62872909810255
9.46349021996264, -18.65933845102461
9.48303709023678, -18.65933165045742
9.50257897342831, -18.67463292663485
9.52212085661984, -18.68993420281229
9.54167770105919, -18.65931124875585
9.56124451966375, -18.59807214121015
9.58081133826832, -18.53683303366445
9.60037316979027, -18.49090200286338
9.61993500131222, -18.4449709720623
9.63949184575158, -18.41434801800586
9.65905367727353, -18.36841698720479
9.67857561213464, -18.44495057036074
9.69798783117841, -18.85826184189849
9.7174948047917, -18.98071965528831
9.73691699800069, -19.36341477333681
9.75610479832719, -20.46558949838279
9.7754621594623, -21.04728961411145
9.79490928808432, -21.35344434843681
9.81439631336718, -21.53713446880515
9.83388333865005, -21.72082458917348
9.85337036393292, -21.90451470954183
9.87285240213318, -22.10351290665479
9.8923843111595, -22.14943033632148
9.91191622018582, -22.19534776598817
9.93144812921214, -22.24126519565487
9.95097505115585, -22.30249070206619
9.97049199893435, -22.39433236196676
9.99001892087806, -22.45555786837807
10.00954584282178, -22.5167833747894
10.0290777518481, -22.56270080445609
10.04860966087442, -22.60861823412279
10.06814156990074, -22.65453566378948
10.08767347892706, -22.70045309345617
10.10721037503598, -22.73106244637824
10.1267422840623, -22.77697987604493
10.14628416725382, -22.79228115222237
10.16582605044536, -22.8075824283998
10.18536294655428, -22.83819178132187
10.20490482974581, -22.85349305749931
10.22442676460692, -22.93002664065525
10.24390381572458, -23.14433291451285
10.26341078933785, -23.26679072790267
10.2829526725294, -23.28209200408011
10.30248956863832, -23.31270135700218
10.32202646474725, -23.34331070992424
10.34156336085617, -23.37392006284631
10.3611052440477, -23.38922133902375
10.34154839960835, -23.41984429308019
10.32200651641682, -23.40454301690275
10.34155837377357, -23.38922813959094
10.3611002569651, -23.40452941576837
10.38064712723924, -23.40452261520118
10.4002139458438, -23.34328350765547
10.41976580320054, -23.32796863034367
10.43931267347467, -23.32796182977648
10.4588595437488, -23.32795502920928
10.47841140110556, -23.31264015189747
10.49797323262751, -23.26670912109639
10.51752010290165, -23.26670232052921
10.53706697317579, -23.26669551996201
10.55661384344992, -23.26668871939482
10.57616071372406, -23.26668191882764
10.5957125710808, -23.25136704151582
10.61525944135494, -23.25136024094863
10.63481129871167, -23.23604536363681
10.65436315606842, -23.22073048632499
10.67391501342517, -23.20541560901318
10.6934618836993, -23.20540880844598
10.71301872813865, -23.17478585438954
10.7325705854954, -23.15947097707772
10.75212244285214, -23.14415609976591
10.7716892614567, -23.08291699222021
10.79124610589605, -23.05229403816376
10.81079796325279, -23.03697916085195
10.83034982060953, -23.02166428354013
10.84990167796628, -23.00634940622831
10.86945852240563, -22.97572645217186
10.88901037976236, -22.96041157486005
10.90856722420172, -22.9297886208036
10.92811908155846, -22.91447374349178
10.94767592599781, -22.88385078943534
10.96722279627195, -22.88384398886815
10.98676966654608, -22.88383718830096
11.00631653682022, -22.88383038773377
11.02586340709436, -22.88382358716658
11.04540529028589, -22.89912486334401
11.06495216056003, -22.89911806277683
11.08449903083417, -22.89911126220964
11.1040459011083, -22.89910446164245
11.12359775846505, -22.88378958433063
11.14314961582179, -22.86847470701882
11.16270147317853, -22.853159829707
11.18225333053527, -22.83784495239518
11.20180518789202, -22.82253007508336
11.18227826594831, -22.76130456867204
11.16271643442635, -22.80723559947311
11.18228325303091, -22.74599649192741
11.20183012330505, -22.74598969136022
11.22136701941398, -22.77659904428228
11.24085903177945, -22.944981087906
11.26038595372315, -23.00620659431732
11.27991287566687, -23.06743210072864
11.2994497717758, -23.0980414536507
11.31898666788472, -23.12865080657277
11.33851358982844, -23.18987631298409
11.35804549885476, -23.23579374265078
11.37758239496368, -23.26640309557285
11.39711430399, -23.31232052523954
11.41664621301632, -23.35823795490623
11.43617313496003, -23.41946346131755
11.45570504398635, -23.46538089098424
11.47523695301266, -23.51129832065092
11.4947788362042, -23.52659959682836
11.51432570647834, -23.52659279626118
11.53386758966987, -23.54189407243862
11.55340448577879, -23.57250342536069
11.57295135605293, -23.57249662479349
11.59250321340967, -23.55718174748168
11.61205507076642, -23.54186687016986
11.63160692812316, -23.52655199285804
11.65116377256251, -23.4959290388016
11.67071562991925, -23.48061416148977
11.690267487276, -23.46529928417796
11.70981934463274, -23.44998440686614
11.7293861632373, -23.38874529932044
11.74893802059404, -23.37343042200863
11.76848987795079, -23.35811554469681
11.78804173530753, -23.342800667385
11.80759359266426, -23.32748579007318
11.82714545002101, -23.31217091276135
11.84669730737776, -23.29685603544954
11.86625415181711, -23.2662330813931
11.88580600917385, -23.25091820408128
11.90535786653059, -23.23560332676946
11.92490972388734, -23.22028844945764
11.94446158124408, -23.20497357214582
11.96401343860082, -23.18965869483401
11.98356529595756, -23.17434381752219
12.00312214039691, -23.14372086346575
12.02267399775366, -23.12840598615393
12.0422258551104, -23.11309110884211
12.06177771246714, -23.0977762315303
12.08132458274128, -23.09776943096311
12.10087145301542, -23.09776263039592
12.12041832328956, -23.09775582982873
12.13996519356369, -23.09774902926154
12.15951206383783, -23.09774222869435
12.17906392119457, -23.08242735138253
12.19861079146871, -23.08242055081534
12.21816264882546, -23.06710567350352
12.23771450618219, -23.0517907961917
12.25726137645633, -23.05178399562451
12.27681323381307, -23.0364691183127
12.29636509116982, -23.02115424100088
12.31591196144396, -23.02114744043369
12.3354638188007, -23.00583256312187
12.35501068907483, -23.00582576255468
12.37456254643158, -22.99051088524286
12.39411440378832, -22.97519600793105
12.41366127406246, -22.97518920736385
12.4332131314192, -22.95987433005204
12.45276498877595, -22.94455945274022
12.47231185905007, -22.94455265217303
12.49186371640683, -22.92923777486121
12.51141058668096, -22.92923097429402
12.5309624440377, -22.91391609698221
12.55050931431184, -22.91390929641502
12.57005618458598, -22.91390249584783
12.58960804194272, -22.89858761853601
12.60915491221686, -22.89858081796882
12.6287067695736, -22.883265940657
12.64825363984774, -22.88325914008981
12.66780549720448, -22.86794426277799
12.68735236747862, -22.86793746221081
12.70690422483535, -22.85262258489899
12.7264510951095, -22.8526157843318
12.74599796538364, -22.85260898376461
12.76554982274037, -22.83729410645279
12.78509669301452, -22.83728730588559
12.80464855037126, -22.82197242857378
12.82419542064539, -22.82196562800659
12.84374727800214, -22.80665075069478
12.86337892868058, -22.54640664546892
12.88298564394599, -22.3627029239662
12.9025923592114, -22.17899920246348
12.92216915198117, -22.08714394142853
12.94174594475095, -21.99528868039356
12.96131775043811, -21.91874149610324
12.98089454320789, -21.82688623506829
13.00046634889505, -21.75033905077796
13.02004314166483, -21.65848378974301
13.03961494735199, -21.58193660545268
13.05918675303916, -21.50538942116236
13.07874858456111, -21.45945839036128
13.09831540316567, -21.39821928281559
13.11787723468763, -21.3522882520145
13.1374540274574, -21.26043299097956
13.15693107857505, -21.47473926483715
13.17423874875911, -28.34805892260767
13.19382551569409, -28.22558750808346
13.21339233429865, -28.16434840053777
13.23295915290321, -28.10310929299207
13.25252597150778, -28.04187018544637
13.27209279011234, -27.98063107790066
13.2916596087169, -27.91939197035497
13.31122642732146, -27.85815286280926
13.33079324592601, -27.79691375526357
13.35036006453058, -27.73567464771786
13.36992688313514, -27.67443554017217
13.3894937017397, -27.61319643262647
13.40906052034427, -27.55195732508077
13.42862733894883, -27.49071821753507
13.44819415755338, -27.42947910998937
13.46776097615794, -27.36824000244367
13.48732779476251, -27.30700089489797
13.50689461336707, -27.24576178735227
13.52646143197162, -27.18452267980657
13.54602825057619, -27.12328357226087
13.56559506918075, -27.06204446471517
13.58515690070271, -27.0161134339141
13.60472371930727, -26.9548743263684
13.62429053791183, -26.8936352188227
13.64385735651638, -26.832396111277
13.66342417512095, -26.7711570037313
13.68299099372551, -26.70991789618559
13.70255781233007, -26.6486787886399
13.72212463093462, -26.5874396810942
13.7416914495392, -26.5262005735485
13.76125826814375, -26.4649614660028
13.78082508674832, -26.4037223584571
13.80039190535288, -26.3424832509114
13.81995872395744, -26.2812441433657
13.83952554256199, -26.22000503582
13.85909236116656, -26.15876592827431
13.87865917977112, -26.0975268207286
13.89822599837568, -26.0362877131829
13.91778782989764, -25.99035668238183
13.9373546485022, -25.92911757483613
13.95692146710675, -25.86787846729044
13.97649327279392, -25.7913312830001
13.99605011723327, -25.76070832894366
14.01560197459002, -25.74539345163184
14.03513887069894, -25.77600280455391
14.05466579264266, -25.83722831096523
14.07419271458637, -25.89845381737655
14.09371963653008, -25.95967932378787
14.1132515455564, -26.00559675345456
14.13278345458272, -26.05151418312125
14.15233032485686, -26.05150738255406
14.17187220804839, -26.0668086587315
14.1913991299921, -26.12803416514282
14.21093103901842, -26.17395159480951
14.23046294804474, -26.2198690244762
14.24999485707106, -26.26578645414289
14.26951679193217, -26.34232003729884
14.28905368804108, -26.3729293902209
14.30859058415002, -26.40353874314297
14.32812748025894, -26.43414809606504
14.34766437636787, -26.4647574489871
14.36720127247679, -26.49536680190917
14.38673816858572, -26.52597615483123
14.40627506469464, -26.5565855077533
14.42581196080357, -26.58719486067536
14.44532392149947, -26.69434459732056
14.46483089511275, -26.81680241071039
14.48451740369986, -26.38816946129364
14.50422884769999, -25.88299612815374
14.52379566630455, -25.82175702060804
14.54335749782651, -25.77582598980697
14.56291932934846, -25.72989495900589
14.58248614795302, -25.66865585146019
14.60204797947498, -25.62272482065913
14.62160981099694, -25.57679378985805
14.64117164251889, -25.53086275905697
14.66108256982326, -24.41336635613199
14.68066434967565, -24.30620301835241
14.70023615536281, -24.22965583406208
14.71980796104998, -24.15310864977175
14.73937477965454, -24.09186954222605
14.7589415982591, -24.03063043468035
14.77850342978105, -23.98469940387928
14.79806526130301, -23.93876837307821
14.81762709282496, -23.89283734227714
14.83718892434692, -23.84690631147607
14.85675574295148, -23.78566720393036
14.87632256155604, -23.72442809638465
14.89589436724321, -23.64788091209433
14.91546617293037, -23.57133372780401
14.93503797861754, -23.49478654351368
14.95460978430471, -23.41823935922335
14.97419156415709, -23.31107602144377
14.99377833109207, -23.18860460691956
15.01337008510966, -23.05082511565073
15.03295685204465, -22.92835370112652
15.05254361897963, -22.8058822866023
15.07212539883201, -22.69871894882273
15.09169720451918, -22.62217176453239
15.11126402312374, -22.5609326569867
15.13083582881091, -22.48438547269637
15.15040264741546, -22.42314636515067
15.16997445310263, -22.34659918086035
15.1895412717072, -22.28536007331465
15.20910809031176, -22.22412096576895
15.22867490891632, -22.16288185822324
15.24824172752088, -22.10164275067755
15.26781353320805, -22.02509556638722
15.28738035181261, -21.96385645884152
15.30694717041717, -21.90261735129582
15.32651398902173, -21.84137824375012
15.34608080762629, -21.78013913620441
15.36564762623085, -21.71890002865872
15.38521444483541, -21.65766092111302
15.40478126343997, -21.59642181356732
15.42434808204453, -21.53518270602162
15.44390991356649, -21.48925167522055
15.46347673217105, -21.42801256767485
15.48305352494082, -21.3361573066399
15.5026303177106, -21.24430204560494
15.52220212339776, -21.16775486131461
15.54177891616754, -21.07589960027966
15.56135570893731, -20.9840443392447
15.58092252754187, -20.92280523169901
15.60049433322904, -20.84625804740868
15.6200611518336, -20.78501893986297
15.63962797043816, -20.72377983231728
15.65919977612532, -20.64723264802695
15.67877158181249, -20.57068546373663
15.69834338749965, -20.4941382794463
15.71791020610422, -20.4328991719006
15.73748201179139, -20.35635198761027
15.75705381747855, -20.27980480331994
15.77662562316572, -20.20325761902962
15.79619742885289, -20.12671043473929
15.81576923454006, -20.05016325044896
15.83534104022721, -19.97361606615864
15.85490785883178, -19.91237695861293
15.87447966451895, -19.83582977432261
15.89404648312351, -19.77459066677691
15.91361330172806, -19.71335155923121
15.93318012033264, -19.65211245168551
15.95274693893719, -19.59087334413981
15.97231874462436, -19.51432615984949
15.99189553739413, -19.42247089881453
16.01147731724651, -19.31530756103495
16.03105411001629, -19.22345229999999
16.05063588986867, -19.11628896222041
16.07021268263844, -19.02443370118546
16.08978947540821, -18.9325784401505
16.10936626817798, -18.84072317911555
16.12894306094776, -18.74886791808059
16.14851985371753, -18.65701265704564
16.16810163356991, -18.54984931926605
16.18767842633968, -18.4579940582311
16.20725521910945, -18.36613879719615
16.22683201187923, -18.27428353616119
16.246408804649, -18.18242827512624
16.26598559741878, -18.09057301409128
16.28555241602334, -18.02933390654558
16.3051242217105, -17.95278672225526
16.32469104031507, -17.89154761470956
16.34426284600223, -17.81500043041923
16.36382966460679, -17.75376132287353
16.38339648321135, -17.69252221532783
16.40295831473331, -17.64659118452676
16.42252014625526, -17.60066015372569
16.44208197777722, -17.55472912292461
16.46164380929917, -17.50879809212354
16.48121561498634, -17.43225090783321
16.5007824335909, -17.37101180028752
16.52035423927807, -17.29446461599719
16.53992604496523, -17.21791743170686
16.55949286356979, -17.15667832416116
16.57906466925695, -17.08013113987084
16.59863647494413, -17.00358395558051
16.61820329354869, -16.94234484803481
16.63777509923586, -16.86579766374448
16.65734690492302, -16.78925047945415
16.67691372352759, -16.72801137190845
16.69646558088432, -16.71269649459663
16.71601245115847, -16.71268969402945
16.73556430851521, -16.69737481671763
16.75511117878934, -16.69736801615044
16.77466303614609, -16.68205313883862
16.79421489350283, -16.6667382615268
16.81376176377697, -16.66673146095961
16.83331362113371, -16.65141658364778
16.85286049140785, -16.65140978308061
16.87241234876458, -16.63609490576879
16.89195921903873, -16.63608810520159
16.91151107639547, -16.62077322788979
16.93106293375222, -16.60545835057797
16.95060980402635, -16.60545155001078
16.9701616613831, -16.59013667269895
16.98970853165723, -16.59012987213177
17.00926038901398, -16.57481499481995
17.02880725928812, -16.57480819425276
17.04835911664486, -16.55949331694094
17.06788603858857, -16.62071882335226
17.0874279217801, -16.63602009952969
17.10697977913684, -16.62070522221788
17.12652664941098, -16.62069842165069
17.14607351968512, -16.6206916210835
17.16562537704186, -16.60537674377169
17.185172247316, -16.60536994320449
17.20472410467274, -16.59005506589268
17.22427596202949, -16.57474018858086
17.24382283230362, -16.57473338801367
17.26337468966036, -16.55941851070185
17.2829215599345, -16.55941171013465
17.30247840437385, -16.52878875607822
17.32202527464799, -16.52878195551103
17.34157713200474, -16.51346707819921
17.36112400227887, -16.51346027763201
17.38067585963562, -16.4981454003202
17.40022771699235, -16.48283052300838
17.4197745872665, -16.4828237224412
17.43932644462323, -16.46750884512938
17.45887830197997, -16.45219396781756
17.47842517225411, -16.45218716725037
17.49797702961084, -16.43687228993855
17.5175288869676, -16.42155741262674
17.53707575724174, -16.42155061205954
17.55662761459847, -16.40623573474773
17.57617448487262, -16.40622893418054
17.59572135514676, -16.40622213361335
17.61527321250349, -16.39090725630153
17.63482506986024, -16.37559237898972
17.65437194013438, -16.37558557842253
17.67392379749112, -16.36027070111071
17.69347066776525, -16.36026390054352
17.71302252512201, -16.3449490232317
17.73257438247875, -16.32963414591988
17.75212125275289, -16.32962734535269
17.77167311010962, -16.31431246804087
17.79122496746637, -16.29899759072906
17.8107718377405, -16.29899079016187
17.83032369509725, -16.28367591285005
17.84987555245399, -16.26836103553823
17.86942242272813, -16.26835423497104
17.88897428008487, -16.25303935765923
17.90852115035901, -16.25303255709203
17.92807300771575, -16.23771767978022
17.94762486507248, -16.2224028024684
17.96717173534663, -16.22239600190121
17.98672359270337, -16.20708112458939
18.00627545006012, -16.19176624727757
18.02582232033425, -16.19175944671039
18.045374177691, -16.17644456939857
18.06492603504774, -16.16112969208675
18.08447290532188, -16.16112289151956
18.10402476267862, -16.14580801420774
18.12357163295276, -16.14580121364055
18.1431234903095, -16.13048633632874
18.16267534766624, -16.11517145901692
18.18222221794038, -16.11516465844973
18.20177407529713, -16.09984978113791
18.22132593265387, -16.0845349038261
18.24087280292801, -16.0845281032589
18.26042466028475, -16.06921322594709
18.27997651764149, -16.05389834863527
18.29952338791563, -16.05389154806808
18.31907524527237, -16.03857667075626
18.3386271026291, -16.02326179344444
18.35817397290324, -16.02325499287726
18.37772583026, -16.00794011556544
18.39727270053412, -16.00793331499825
18.41682455789088, -15.99261843768643
18.43637641524762, -15.9773035603746
18.45592328552175, -15.97729675980742
18.47547514287849, -15.96198188249561
18.49502700023524, -15.94666700518379
18.51457387050936, -15.9466602046166
18.53412572786613, -15.93134532730478
18.55367758522286, -15.91603044999296
18.57322445549701, -15.91602364942577
18.59277631285374, -15.90070877211396
18.61232318312788, -15.90070197154676
18.63187504048462, -15.88538709423495
18.65142689784137, -15.87007221692313
18.6709737681155, -15.87006541635594
18.69052562547225, -15.85475053904413
18.71007748282899, -15.83943566173231
18.72962435310313, -15.83942886116512
18.74917621045987, -15.8241139838533
18.76872806781661, -15.80879910654148
18.78827493809074, -15.8087923059743
18.80782679544749, -15.79347742866248
18.82737366572163, -15.79347062809529
18.84692552307837, -15.77815575078347
18.86647738043512, -15.76284087347164
18.88602425070926, -15.76283407290446
18.905576108066, -15.74751919559264
18.92512796542274, -15.73220431828083
18.94467483569688, -15.73219751771363
18.96422669305361, -15.71688264040182
18.98377855041036, -15.70156776309
19.0033254206845, -15.70156096252281
19.02287727804125, -15.68624608521099
19.04242414831538, -15.6862392846438
19.06197600567213, -15.67092440733199
19.08152786302887, -15.65560953002017
19.10107473330301, -15.65560272945298
19.12062659065975, -15.64028785214116
19.14017844801648, -15.62497297482935
19.15972531829063, -15.62496617426216
19.17927717564737, -15.60965129695034
19.19882903300412, -15.59433641963852
19.21837590327825, -15.59432961907132
19.237927760635, -15.57901474175951
19.25747463090913, -15.57900794119232
19.27702648826588, -15.56369306388051
19.2965783456226, -15.54837818656868
19.31612521589675, -15.5483713860015
19.33567707325349, -15.53305650868968
19.35522893061025, -15.51774163137786
19.37477580088438, -15.51773483081067
19.39432765824112, -15.50241995349886
19.41387951559786, -15.48710507618704
19.433426385872, -15.48709827561985
19.45297824322874, -15.47178339830803
19.47252511350288, -15.47177659774084
19.49207697085962, -15.45646172042902
19.51162882821637, -15.44114684311719
19.53117569849051, -15.44114004255002
19.55072755584725, -15.4258251652382
19.57027941320399, -15.41051028792638
19.58982628347812, -15.41050348735919
19.60937814083487, -15.39518861004737
19.62892999819161, -15.37987373273556
19.64847686846575, -15.37986693216836
19.66802872582249, -15.36455205485655
19.68757559609663, -15.36454525428936
19.70712745345337, -15.34923037697754
19.72667931081012, -15.33391549966572
19.74622618108424, -15.33390869909853
19.765778038441, -15.31859382178672
19.78532989579774, -15.3032789444749
19.80487676607187, -15.30327214390771
19.82442862342862, -15.28795726659589
19.84398048078537, -15.27264238928407
19.8635273510595, -15.27263558871689
19.88307920841625, -15.25732071140507
19.90262607869038, -15.25731391083788
19.92217793604713, -15.24199903352606
19.94172979340387, -15.22668415621424
19.961276663678, -15.22667735564705
19.98082852103475, -15.21136247833523
20.00038037839149, -15.19604760102342
20.01992724866563, -15.19604080045623
20.03947910602237, -15.18072592314441
20.05903096337912, -15.16541104583259
20.07857783365325, -15.1654042452654
20.09812969100999, -15.15008936795359
20.11771645794498, -15.02761795342938
20.13726332821912, -15.02761115286219
20.15681518557586, -15.01229627555037
20.1763670429326, -14.99698139823855
20.19591890028934, -14.98166652092674
20.21546577056348, -14.98165972035954
20.23502261500283, -14.95103676630309
20.25456948527697, -14.95102996573591
20.27412134263371, -14.93571508842409
20.29366821290785, -14.9357082878569
20.31321508318199, -14.93570148728971
20.33276195345613, -14.93569468672252
20.35231381081287, -14.92037980941071
20.371860681087, -14.92037300884352
20.39141253844375, -14.9050581315317
20.41096439580048, -14.88974325421988
20.43051126607462, -14.88973645365269
20.45006312343136, -14.87442157634087
20.4696099937055, -14.87441477577368
20.48916185106225, -14.85909989846186
20.50871370841898, -14.84378502115005
20.52826057869313, -14.84377822058286
20.54781243604987, -14.82846334327104
20.56736429340661, -14.81314846595922
20.58691116368075, -14.81314166539203
20.60646302103749, -14.79782678808022
20.62601487839424, -14.7825119107684
20.64556174866838, -14.78250511020121
20.66511360602512, -14.76719023288939
20.68466047629926, -14.7671834323222
20.704212333656, -14.75186855501037
20.72376419101274, -14.73655367769857
20.74331106128687, -14.73654687713138
20.76286291864362, -14.72123199981956
20.78241477600036, -14.70591712250773
20.8019616462745, -14.70591032194055
20.82151350363124, -14.69059544462874
20.84106536098799, -14.67528056731692
20.86061223126212, -14.67527376674973
20.88016408861887, -14.65995888943791
20.899710958893, -14.65995208887072
20.91926281624975, -14.6446372115589
20.93881467360649, -14.62932233424709
20.95836154388062, -14.6293155336799
20.97791340123737, -14.61400065636808
20.99746525859412, -14.59868577905626
21.01701212886825, -14.59867897848907
21.036563986225, -14.58336410117725
21.05611584358174, -14.56804922386543
21.07566271385588, -14.56804242329824
21.09521457121262, -14.55272754598643
21.11476144148676, -14.55272074541924
21.1343132988435, -14.53740586810741
21.15386515620025, -14.5220909907956
21.17341202647438, -14.52208419022841
21.19296388383112, -14.5067693129166
21.21251574118786, -14.49145443560478
21.232062611462, -14.49144763503759
21.25161446881874, -14.47613275772577
21.27116632617548, -14.46081788041395
21.29071319644962, -14.46081107984676
21.31026505380637, -14.44549620253495
21.32981192408051, -14.44548940196776
21.34936378143724, -14.43017452465594
21.36891563879399, -14.41485964734412
21.38846250906813, -14.41485284677693
21.40801436642487, -14.39953796946511
21.42756622378161, -14.3842230921533
21.44711309405575, -14.38421629158611
21.4666649514125, -14.36890141427429
21.48621182168664, -14.3688946137071
21.50576367904338, -14.35357973639528
21.52531553640011, -14.33826485908346
21.54486240667426, -14.33825805851627
21.564414264031, -14.32294318120445
21.58396612138774, -14.30762830389264
21.60351299166187, -14.30762150332545
21.62306484901863, -14.29230662601363
21.64261670637535, -14.27699174870181
21.6621635766495, -14.27698494813463
21.68171543400624, -14.26167007082281
21.70126230428038, -14.26166327025562
21.72081416163712, -14.2463483929438
21.74036601899387, -14.23103351563198
21.759912889268, -14.23102671506479
21.77946474662475, -14.21571183775298
21.79901660398149, -14.20039696044116
21.81856347425563, -14.20039015987397
21.83811533161237, -14.18507528256215
21.85766718896912, -14.16976040525033
21.87721405924325, -14.16975360468314
21.8967659166, -14.15443872737133
21.91631278687412, -14.15443192680414
21.93586464423088, -14.13911704949232
21.95541650158762, -14.1238021721805
21.97496337186175, -14.12379537161331
21.9945152292185, -14.10848049430149
22.01406708657525, -14.09316561698968
22.03361395684938, -14.09315881642249
22.05316581420612, -14.07784393911067
22.07271767156286, -14.06252906179885
22.092264541837, -14.06252226123166
22.11181639919374, -14.04720738391985
22.13136326946788, -14.04720058335266
22.15091512682463, -14.03188570604084
22.17046698418137, -14.01657082872902
22.19001385445551, -14.01656402816183
22.20956571181225, -14.00124915085001
22.22911756916899, -13.9859342735382
22.24866443944313, -13.985927472971
22.26821629679987, -13.97061259565919
22.287763167074, -13.970605795092
22.30731502443076, -13.95529091778018
22.3268668817875, -13.93997604046836
22.34641375206164, -13.93996923990117
22.36596560941837, -13.92465436258936
22.38551746677512, -13.90933948527754
22.40506433704925, -13.90933268471035
22.424616194406, -13.89401780739853
22.44416805176274, -13.87870293008671
22.46371492203688, -13.87869612951952
22.48326677939362, -13.86338125220771
22.50281364966776, -13.86337445164052
22.5223655070245, -13.8480595743287
22.54191736438124, -13.83274469701688
22.56146423465538, -13.83273789644968
22.58101609201212, -13.81742301913787
22.60056794936887, -13.80210814182606
22.620114819643, -13.80210134125887
22.63966667699975, -13.78678646394704
22.65921853435649, -13.77147158663523
22.67876540463063, -13.77146478606804
22.69831726198736, -13.75614990875622
22.71786413226151, -13.75614310818903
22.73741598961825, -13.74082823087722
22.75696784697499, -13.7255133535654
22.77651471724913, -13.72550655299821
22.79606657460588, -13.71019167568639
22.81561843196262, -13.69487679837456
22.83516530223676, -13.69486999780738
22.8547171595935, -13.67955512049557
22.87426901695023, -13.66424024318375
22.89381588722438, -13.66423344261656
22.91336774458112, -13.64891856530474
22.93291461485525, -13.64891176473755
22.952466472212, -13.63359688742574
22.97201832956875, -13.61828201011392
22.99156519984288, -13.61827520954672
23.01111705719963, -13.60296033223491
23.03066891455637, -13.58764545492309
23.05021578483051, -13.5876386543559
23.06976764218724, -13.57232377704408
23.08931451246139, -13.57231697647688
23.10886636981812, -13.55700209916508
23.12841822717488, -13.54168722185326
23.14796509744901, -13.54168042128607
23.16751695480576, -13.52636554397424
23.18706881216249, -13.51105066666244
23.20661568243663, -13.51104386609525
23.22616753979337, -13.49572898878343
23.24571939715012, -13.48041411147161
23.26526626742425, -13.48040731090442
23.284818124781, -13.46509243359259
23.30436499505514, -13.46508563302541
23.32391685241188, -13.4497707557136
23.34346870976862, -13.43445587840178
23.36301558004276, -13.43444907783459
23.3825674373995, -13.41913420052277
23.40211929475624, -13.40381932321096
23.42166616503038, -13.40381252264376
23.44121802238712, -13.38849764533195
23.46076987974387, -13.37318276802013
23.48031675001801, -13.37317596745294
23.49986860737475, -13.35786109014112
23.51941547764888, -13.35785428957393
23.53896733500562, -13.34253941226211
23.55851919236237, -13.3272245349503
23.57806606263651, -13.32721773438311
23.59761791999325, -13.31190285707129
23.61716977735, -13.29658797975947
23.63671664762413, -13.29658117919227
23.65626850498088, -13.28126630188047
23.67582036233762, -13.26595142456865
23.69536723261175, -13.26594462400146
23.71491908996849, -13.25062974668963
23.73446596024263, -13.25062294612245
23.75401781759938, -13.23530806881063
23.77356967495612, -13.21999319149882
23.79311654523026, -13.21998639093163
23.812668402587, -13.20467151361981
23.83222025994375, -13.18935663630799
23.85176713021788, -13.1893498357408
23.87131898757463, -13.17403495842898
23.89086585784876, -13.17402815786179
23.9104177152055, -13.15871328054998
23.92996957256224, -13.14339840323816
23.94951644283638, -13.14339160267097
23.96906830019313, -13.12807672535915
23.98862015754987, -13.11276184804733
24.00816702782401, -13.11275504748014
24.02771888518075, -13.09744017016833
24.04727074253749, -13.08212529285651
24.06681761281163, -13.08211849228931
24.08636947016837, -13.0668036149775
24.10591634044251, -13.06679681441031
24.12546819779926, -13.0514819370985
24.145020055156, -13.03616705978668
24.16456692543014, -13.03616025921949
24.18411878278688, -13.02084538190767
24.20367064014362, -13.00553050459585
24.22321751041775, -13.00552370402866
24.2427693677745, -12.99020882671685
24.26232122513125, -12.97489394940503
24.28186809540539, -12.97488714883784
24.30141995276212, -12.95957227152602
24.32096682303627, -12.95956547095883
24.340518680393, -12.94425059364701
24.36007053774975, -12.9289357163352
24.37961740802388, -12.928928915768
24.39916926538063, -12.91361403845619
24.41872112273737, -12.89829916114437
24.43826799301151, -12.89829236057718
24.45781985036825, -12.88297748326536
24.477371707725, -12.86766260595355
24.49691857799912, -12.86765580538636
24.51647043535588, -12.85234092807454
24.53601730563001, -12.85233412750735
24.55556916298675, -12.83701925019553
24.5751210203435, -12.82170437288371
24.59466789061763, -12.82169757231651
24.61421974797438, -12.80638269500471
24.63377160533112, -12.79106781769289
24.65331847560526, -12.7910610171257
24.672870332962, -12.77574613981387
24.69241720323614, -12.77573933924669
24.71196906059288, -12.76042446193487
24.73152091794962, -12.74510958462306
24.75106778822376, -12.74510278405587
24.7706196455805, -12.72978790674405
24.79017150293725, -12.71447302943223
24.80971837321139, -12.71446622886504
24.82927023056813, -12.69915135155322
24.84882208792487, -12.68383647424141
24.86836895819901, -12.68382967367422
24.88792081555574, -12.6685147963624
24.90746768582989, -12.66850799579521
24.92701954318663, -12.65319311848339
24.94657140054337, -12.63787824117158
24.96611827081751, -12.63787144060439
24.98567012817426, -12.62255656329257
25.00522198553099, -12.60724168598075
25.02476885580514, -12.60723488541355
25.04432071316187, -12.59192000810174
25.06387257051862, -12.57660513078993
25.08341944079275, -12.57659833022274
25.10297129814951, -12.56128345291091
25.12251816842364, -12.56127665234373
25.14207002578038, -12.54596177503191
25.16162188313712, -12.53064689772009
25.18116875341126, -12.5306400971529
25.200720610768, -12.51532521984109
25.22027246812475, -12.50001034252927
25.23981933839888, -12.50000354196208
25.25937119575563, -12.48468866465026
25.27892305311236, -12.46937378733844
25.29846992338651, -12.46936698677125
25.31802178074325, -12.45405210945944
25.33756865101738, -12.45404530889225
25.35712050837413, -12.43873043158043
25.37667236573087, -12.42341555426861
25.39621923600501, -12.42340875370142
25.41577109336175, -12.40809387638961
25.4353229507185, -12.39277899907779
25.45486982099263, -12.3927721985106
25.47442167834938, -12.37745732119878
25.49396854862351, -12.37745052063159
25.51352040598026, -12.36213564331977
25.533072263337, -12.34682076600795
25.55261913361114, -12.34681396544076
25.57217099096788, -12.33149908812895
25.59172284832463, -12.31618421081713
25.61126971859876, -12.31617741024994
25.63082157595551, -12.30086253293812
25.65037343331225, -12.28554765562631
25.66992030358639, -12.28554085505912
25.68947216094313, -12.2702259777473
25.70901903121727, -12.27021917718011
25.728570888574, -12.25490429986829
25.74812274593075, -12.23958942255647
25.76766961620488, -12.23958262198928
25.78722147356163, -12.22426774467747
25.80677333091838, -12.20895286736565
25.82632020119251, -12.20894606679846
25.84587205854924, -12.19363118948664
25.86542391590599, -12.17831631217483
25.88497078618013, -12.17830951160763
25.90452264353687, -12.16299463429582
25.92406951381101, -12.16298783372863
25.94362137116776, -12.14767295641681
25.9631732285245, -12.13235807910499
25.98272009879864, -12.1323512785378
26.00227195615538, -12.11703640122598
26.02182381351212, -12.10172152391417
26.04137068378626, -12.10171472334698
26.06092254114299, -12.08639984603516
26.08047439849975, -12.07108496872334
26.10002126877388, -12.07107816815615
26.11957312613063, -12.05576329084434
26.13911999640477, -12.05575649027715
26.15867185376151, -12.04044161296533
26.17822371111825, -12.02512673565351
26.19777058139238, -12.02511993508632
26.21732243874913, -12.0098050577745
26.23687429610587, -11.99449018046269
26.25642116638001, -11.9944833798955
26.27597302373675, -11.97916850258368
26.29551989401089, -11.97916170201649
26.31507175136763, -11.96384682470467
26.33462360872438, -11.94853194739285
26.35417047899851, -11.94852514682566
26.37372233635526, -11.93321026951384
26.393274193712, -11.91789539220203
26.41282106398614, -11.91788859163484
26.43237292134288, -11.90257371432302
26.45192477869963, -11.8872588370112
26.47147164897376, -11.88725203644401
26.49102350633051, -11.8719371591322
26.51057037660463, -11.87193035856501
26.53012223396139, -11.85661548125318
26.54967409131812, -11.84130060394137
26.56922096159226, -11.84129380337418
26.588772818949, -11.82597892606236
26.60832467630575, -11.81066404875054
26.62787154657989, -11.81065724818336
26.64742340393663, -11.79534237087154
26.66697526129337, -11.78002749355972
26.6865221315675, -11.78002069299253
26.70607398892425, -11.76470581568072
26.72562085919839, -11.76469901511352
26.74517271655513, -11.74938413780171
26.76472457391188, -11.73406926048989
26.78427144418602, -11.7340624599227
26.80382330154276, -11.71874758261088
26.8233751588995, -11.70343270529905
26.84292202917364, -11.70342590473187
26.86247388653038, -11.68811102742006
26.88202574388712, -11.67279615010824
26.90157261416125, -11.67278934954105
26.92112447151801, -11.65747447222923
26.94067134179215, -11.65746767166204
26.96022319914888, -11.64215279435022
26.97977505650563, -11.62683791703841
26.99932192677976, -11.62683111647122
27.01887378413651, -11.6115162391594
27.03842564149325, -11.59620136184758
27.05797251176738, -11.59619456128038
27.07752436912413, -11.58087968396858
27.09707123939826, -11.58087288340139
27.11662808383762, -11.55024992934494
27.13617495411175, -11.55024312877774
27.15572182438589, -11.55023632821056
27.13617994119436, -11.53493505203312
27.11663307092022, -11.53494185260031
27.13616996702915, -11.56555120552238
27.15571683730329, -11.56554440495518
27.17492957304282, -12.59117874627804
27.19447644331696, -12.59117194571085
27.17492458596021, -12.60648682302266
27.19447644331696, -12.59117194571085
27.21402331359109, -12.59116514514366
27.23357517094784, -12.57585026783184
27.25312702830458, -12.56053539052002
27.27267389857872, -12.56052858995282
27.29222575593546, -12.54521371264102
27.31177761329221, -12.5298988353292
27.33132947064895, -12.51458395801738
27.35087634092309, -12.51457715745018
27.37042819827982, -12.49926228013837
27.38998005563657, -12.48394740282655
27.40953191299332, -12.46863252551474
27.42907878326746, -12.46862572494755
27.4486306406242, -12.45331084763573
27.46817751089833, -12.45330404706853
27.48773435533768, -12.42268109301209
27.50728122561181, -12.42267429244491
27.52683308296856, -12.40735941513309
27.54637995324269, -12.40735261456589
27.56593181059944, -12.39203773725408
27.58548366795618, -12.37672285994226
27.60503053823032, -12.37671605937507
27.62457740850446, -12.37670925880788
27.6441242787786, -12.37670245824069
27.66367613613534, -12.36138758092888
27.68322300640948, -12.36138078036169
27.70277486376622, -12.34606590304987
27.72232672112296, -12.33075102573805
27.74187359139709, -12.33074422517085
27.76142544875385, -12.31542934785904
27.78097231902798, -12.31542254729185
27.80052417638473, -12.30010766998004
27.82007603374146, -12.28479279266821
27.83962290401561, -12.28478599210103
27.85917476137234, -12.26947111478921
27.87872661872907, -12.25415623747739
27.89827348900322, -12.2541494369102
27.91782534635996, -12.23883455959839
27.9373772037167, -12.22351968228657
27.95692407399085, -12.22351288171938
27.97647593134759, -12.20819800440756
27.99602280162172, -12.20819120384037
28.01557465897847, -12.19287632652855
28.03512651633521, -12.17756144921674
28.05467338660935, -12.17755464864955
28.07422524396609, -12.16223977133773
28.09377710132284, -12.14692489402591
28.11332397159698, -12.14691809345872
28.13287582895372, -12.1316032161469
28.15242768631045, -12.11628833883509
28.1719745565846, -12.11628153826789
28.19152641394134, -12.10096666095608
28.21107328421547, -12.10095986038889
28.23062514157222, -12.08564498307707
28.25017699892896, -12.07033010576525
28.2697238692031, -12.07032330519806
28.28927572655984, -12.05500842788625
28.30882758391659, -12.03969355057443
28.32837445419071, -12.03968675000724
28.34792631154747, -12.02437187269542
28.3674731818216, -12.02436507212823
28.38702503917835, -12.00905019481642
28.40657689653509, -11.9937353175046
28.42612376680923, -11.99372851693741
28.44567562416597, -11.97841363962559
28.46522748152272, -11.96309876231377
28.48477435179685, -11.96309196174658
28.5043262091536, -11.94777708443477
28.52387806651033, -11.93246220712295
28.54342493678448, -11.93245540655576
28.56297679414121, -11.91714052924394
28.58252366441535, -11.91713372867675
28.60207552177209, -11.90181885136493
28.62162737912885, -11.88650397405312
28.64117424940298, -11.88649717348593
28.66072610675972, -11.87118229617411
28.68027796411646, -11.85586741886229
28.6998248343906, -11.85586061829509
28.71937669174733, -11.84054574098328
28.73892854910408, -11.82523086367147
28.75847541937822, -11.82522406310428
28.77802727673496, -11.80990918579245
28.79757414700911, -11.80990238522527
28.81712600436585, -11.79458750791345
28.83667786172259, -11.77927263060164
28.85622473199673, -11.77926583003445
28.87577658935347, -11.76395095272263
28.8953284467102, -11.74863607541081
28.91487531698435, -11.74862927484362
28.9344271743411, -11.7333143975318
28.95397903169784, -11.71799952021999
28.97352590197197, -11.71799271965279
28.99307775932872, -11.70267784234098
29.01262462960285, -11.70267104177379
29.0321764869596, -11.68735616446197
29.05172834431634, -11.67204128715015
29.07127521459048, -11.67203448658296
29.09082707194722, -11.65671960927115
29.11037892930397, -11.64140473195933
29.1299257995781, -11.64139793139213
29.14947765693484, -11.62608305408032
29.16902951429159, -11.6107681767685
29.18857638456572, -11.61076137620131
29.20812824192247, -11.59544649888949
29.2276751121966, -11.59543969832231
29.24722696955335, -11.58012482101049
29.26677882691009, -11.56480994369867
29.28632569718423, -11.56480314313148
29.30587755454097, -11.54948826581967
29.32542941189772, -11.53417338850785
29.34497628217185, -11.53416658794066
29.36452813952859, -11.51885171062884
29.38407999688533, -11.50353683331702
29.40362686715947, -11.50353003274983
29.42317872451622, -11.488215155438
29.44272559479035, -11.48820835487082
29.4622774521471, -11.47289347755901
29.48182930950384, -11.45757860024719
29.50137617977798, -11.45757179968
29.52092803713472, -11.44225692236818
29.54047989449146, -11.42694204505637
29.56002676476559, -11.42693524448918
29.57957862212235, -11.41162036717736
29.59913047947909, -11.39630548986554
29.61867734975322, -11.39629868929835
29.63822920710997, -11.38098381198653
29.65777607738411, -11.38097701141934
29.67732793474083, -11.36566213410753
29.69687979209759, -11.35034725679571
29.71642666237172, -11.35034045622852
29.73597851972846, -11.3350255789167
29.75553037708521, -11.31971070160488
29.77507724735936, -11.31970390103768
29.79462910471609, -11.30438902372588
29.81417597499023, -11.30438222315868
29.83372783234697, -11.28906734584687
29.85327968970372, -11.27375246853504
29.87282655997785, -11.27374566796786
29.8923784173346, -11.25843079065604
29.91193027469134, -11.24311591334423
29.93147714496548, -11.24310911277704
29.95102900232221, -11.22779423546522
29.97058085967896, -11.2124793581534
29.9901277299531, -11.21247255758621
30.00967958730984, -11.19715768027439
30.02922645758398, -11.1971508797072
30.04877831494072, -11.18183600239539
30.06833017229746, -11.16652112508357
30.0878770425716, -11.16651432451638
30.10742889992835, -11.15119944720456
30.12698075728509, -11.13588456989275
30.14652762755923, -11.13587776932556
30.1660246270073, -11.28895173620463
30.18551663937278, -11.45733377982835
30.20505852256431, -11.47263505600579
30.22460539283845, -11.47262825543859
30.24415725019519, -11.45731337812678
30.26370910755193, -11.44199850081496
30.28325597782607, -11.44199170024777
30.30280783518281, -11.42667682293595
30.32235470545695, -11.42667002236877
30.3419065628137, -11.41135514505695
30.36145842017044, -11.39604026774513
30.38100529044457, -11.39603346717794
30.40055714780132, -11.38071858986612
30.42010401807545, -11.38071178929893
30.43965587543219, -11.36539691198712
30.45920773278893, -11.3500820346753
30.47875959014568, -11.33476715736348
30.49830646041981, -11.33476035679629
30.51785831777656, -11.31944547948446
30.5374051880507, -11.31943867891728
30.55695704540744, -11.30412380160547
30.57650391568158, -11.30411700103827
30.59605078595572, -11.30411020047109
30.61560264331246, -11.28879532315927
30.6351495135866, -11.28878852259208
30.65470137094334, -11.27347364528026
30.67424824121748, -11.27346684471307
30.69380009857421, -11.25815196740126
30.71335195593097, -11.24283709008944
30.7328988262051, -11.24283028952225
30.75245068356184, -11.22751541221043
30.77200254091859, -11.21220053489861
30.79154941119272, -11.21219373433142
30.81110126854945, -11.19687885701961
30.8306531259062, -11.18156397970779
30.85019999618034, -11.18155717914059
30.86975185353708, -11.16624230182878
30.88929872381122, -11.16623550126159
30.90885058116797, -11.15092062394977
30.92840243852471, -11.13560574663795
30.94794930879885, -11.13559894607077
30.96750116615559, -11.12028406875895
30.98705302351233, -11.10496919144713
31.00659989378647, -11.10496239087994
31.02615175114321, -11.08964751356812
31.04569862141735, -11.08964071300093
31.0652504787741, -11.07432583568912
31.08480233613084, -11.0590109583773
31.10434920640498, -11.05900415781011
31.12390106376172, -11.04368928049829
31.14345292111846, -11.02837440318648
31.1629997913926, -11.02836760261929
31.18255164874934, -11.01305272530747
31.20210350610608, -10.99773784799565
31.22165037638023, -10.99773104742846
31.24120223373696, -10.98241617011664
31.2607491040111, -10.98240936954945
31.28030096136784, -10.96709449223763
31.29985281872459, -10.95177961492582
31.31939968899872, -10.95177281435863
31.33895154635547, -10.93645793704681
31.35850340371221, -10.92114305973499
31.37805027398635, -10.92113625916779
31.39760213134309, -10.90582138185599
31.41715398869984, -10.89050650454417
31.43670085897397, -10.89049970397698
31.45625271633072, -10.87518482666515
31.47579958660484, -10.87517802609797
31.4953514439616, -10.85986314878615
31.51490330131833, -10.84454827147434
31.53445017159247, -10.84454147090715
31.55400202894922, -10.82922659359533
31.57355388630597, -10.81391171628351
31.5931007565801, -10.81390491571632
31.61265261393684, -10.79859003840451
31.63219948421098, -10.79858323783731
31.65175134156771, -10.7832683605255
31.67130319892446, -10.76795348321368
31.6908500691986, -10.76794668264649
31.71040192655534, -10.75263180533467
31.72995378391209, -10.73731692802285
31.74950065418623, -10.73731012745566
31.76905251154297, -10.72199525014385
31.78860436889971, -10.70668037283203
31.80815123917385, -10.70667357226483
31.82770309653059, -10.69135869495302
31.84724996680472, -10.69135189438583
31.86680182416147, -10.67603701707401
31.88635368151822, -10.66072213976219
31.90590055179236, -10.66071533919501
31.92545240914909, -10.64540046188319
31.94500426650584, -10.63008558457137
31.96455113677997, -10.63007878400418
31.98410299413672, -10.61476390669237
32.00365485149346, -10.59944902938055
32.0232017217676, -10.59944222881336
32.04275357912434, -10.58412735150154
32.06230044939848, -10.58412055093435
32.08185230675522, -10.56880567362253
32.10140416411196, -10.55349079631072
32.1209510343861, -10.55348399574352
32.14050289174284, -10.53816911843171
32.16005474909959, -10.52285424111989
32.17960161937372, -10.5228474405527
32.19929311504344, -10.07890641439132
32.21883998531757, -10.07889961382413
32.23839184267432, -10.06358473651231
32.25794370003106, -10.04826985920049
32.2774905703052, -10.0482630586333
32.29704242766194, -10.03294818132148
32.31659428501868, -10.01763330400967
32.33614115529281, -10.01762650344248
32.35568802556695, -10.01761970287529
32.37523489584109, -10.0176129023081
32.39478176611523, -10.01760610174091
32.41433362347197, -10.00229122442909
32.43388049374612, -10.0022844238619
32.45343235110285, -9.98696954655008
32.47297922137699, -9.98696274598289
32.49253107873373, -9.97164786867107
32.51208293609047, -9.95633299135926
32.5316298063646, -9.95632619079207
32.55118166372135, -9.94101131348025
32.57072853399549, -9.94100451291306
32.59028039135223, -9.92568963560123
32.60981728746116, -9.95629898852331
32.62935917065269, -9.97160026470074
32.64890105384423, -9.98690154087818
32.66843794995314, -10.01751089380025
32.68797484606208, -10.04812024672231
32.70751672925361, -10.06342152289975
32.72705861244514, -10.07872279907719
32.74660049563666, -10.09402407525462
32.76613739174559, -10.12463342817669
32.78567927493712, -10.13993470435413
32.80522115812866, -10.15523598053156
32.82476304132018, -10.170537256709
32.84430492451172, -10.18583853288644
32.86384680770325, -10.20113980906387
32.88338370381217, -10.23174916198594
32.9029255870037, -10.24705043816338
32.92246747019523, -10.26235171434082
32.94200935338677, -10.27765299051824
32.96155123657829, -10.29295426669569
32.98109311976983, -10.30825554287313
33.00063001587876, -10.33886489579519
33.02017189907028, -10.35416617197263
33.03971378226181, -10.36946744815007
33.05925566545335, -10.38476872432751
33.07879754864488, -10.40007000050494
33.09833943183641, -10.41537127668238
33.11787632794533, -10.44598062960444
33.13741821113687, -10.46128190578188
33.1569600943284, -10.47658318195932
33.17650197751993, -10.49188445813676
33.19604386071146, -10.50718573431419
33.21558574390299, -10.52248701049163
33.23512264001192, -10.5530963634137
33.25466452320345, -10.56839763959112
33.27420640639498, -10.58369891576857
33.2937482895865, -10.59900019194601
33.31329017277804, -10.61430146812345
33.33283205596957, -10.62960274430088
33.3523739391611, -10.64490402047831
33.37191083527002, -10.67551337340039
33.39145271846156, -10.69081464957782
33.41099460165309, -10.70611592575526
33.43053648484462, -10.7214172019327
33.45007836803615, -10.73671847811014
33.46962025122769, -10.75201975428757
33.48915714733661, -10.78262910720963
33.50869903052814, -10.79793038338708
33.52824091371967, -10.81323165956451
33.54778279691121, -10.82853293574195
33.56732468010272, -10.84383421191939
33.58686656329427, -10.85913548809683
33.60640345940319, -10.88974484101889
33.62594534259473, -10.90504611719633
33.64548722578624, -10.92034739337377
33.66502910897778, -10.93564866955119
33.68457099216931, -10.95094994572864
33.70411287536084, -10.96625122190608
33.72364977146977, -10.99686057482814
33.7431916546613, -11.01216185100558
33.76273353785283, -11.02746312718302
33.78227542104436, -11.04276440336046
33.8018222913185, -11.04275760279327
33.82136417451003, -11.0580588789707
33.84090605770157, -11.07336015514814
33.86044794089308, -11.08866143132558
33.87999481116723, -11.08865463075839
33.89953669435876, -11.10395590693583
33.91907857755029, -11.11925718311326
33.93862046074182, -11.1345584592907
33.95816733101596, -11.13455165872351
33.97770921420749, -11.14985293490095
33.99725109739901, -11.16515421107839
34.01679298059055, -11.18045548725582
34.03633985086469, -11.18044868668863
34.05588173405622, -11.19574996286607
34.07542361724776, -11.21105123904351
34.09496550043929, -11.22635251522095
34.11451237071343, -11.22634571465376
34.13405425390496, -11.24164699083119
34.15359613709648, -11.25694826700863
34.17313802028801, -11.27224954318606
34.19268489056215, -11.27224274261888
34.21222677375368, -11.28754401879632
34.23176865694521, -11.30284529497375
34.25131054013675, -11.31814657115119
34.27085741041088, -11.318139770584
34.29039929360241, -11.33344104676144
34.30994616387655, -11.33343424619424
34.32948804706808, -11.34873552237169
34.34903491734222, -11.34872872180448
34.36857680053375, -11.36402999798193
34.38812367080789, -11.36402319741474
34.40766555399942, -11.37932447359218
34.42721242427356, -11.37931767302498
34.4467592945477, -11.3793108724578
34.46630117773923, -11.39461214863524
34.48584804801337, -11.39460534806805
34.5053949182875, -11.39459854750086
34.52493680147903, -11.40989982367829
34.54448367175317, -11.40989302311111
34.56402555494469, -11.42519429928854
34.58357242521883, -11.42518749872135
34.60311929549297, -11.42518069815416
34.6226611786845, -11.4404819743316
34.64220804895864, -11.44047517376441
34.66175491923277, -11.44046837319721
34.68129680242431, -11.45576964937466
34.70084367269845, -11.45576284880747
34.72039054297257, -11.45575604824028
34.73993242616412, -11.47105732441771
34.75947929643825, -11.47105052385052
34.77902117962979, -11.48635180002796
34.79856804990392, -11.48634499946077
34.81811492017806, -11.48633819889358
34.83765680336958, -11.50163947507102
34.85720367364372, -11.50163267450383
34.87675054391786, -11.50162587393664
34.89629242710939, -11.51692715011408
34.91583929738352, -11.51692034954689
34.93538118057506, -11.53222162572433
34.9549280508492, -11.53221482515714
34.97447492112333, -11.53220802458994
34.99401680431487, -11.54750930076738
35.013563674589, -11.54750250020018
35.03311054486314, -11.547495699633
35.05265242805467, -11.56279697581044
35.07219929832881, -11.56279017524325
35.09174616860295, -11.56278337467606
35.11128805179447, -11.5780846508535
35.130829934986, -11.59338592703094
35.15036683109494, -11.623995279953
35.16990372720386, -11.65460463287507
35.18942566206497, -11.73113821603101
35.20896255817389, -11.76174756895308
35.22849945428282, -11.79235692187514
35.24803635039174, -11.82296627479721
35.26757324650067, -11.85357562771927
35.28711014260959, -11.88418498064134
35.30664703871852, -11.9147943335634
35.32618393482744, -11.94540368648546
35.34572083093637, -11.97601303940753
35.36525772704529, -12.0066223923296
35.3847946231542, -12.03723174525166
35.40433151926314, -12.06784109817372
35.42386841537206, -12.09845045109579
35.44340531148099, -12.12905980401784
35.46294220758991, -12.15966915693992
35.48248409078145, -12.17497043311736
35.50202098689037, -12.20557978603942
35.5215578829993, -12.23618913896149
35.54109976619083, -12.25149041513892
35.56064164938236, -12.26679169131636
35.58017355840868, -12.31270912098305
35.59971045451761, -12.34331847390512
35.61924735062653, -12.37392782682718
35.63878424673545, -12.40453717974925
35.65831615576177, -12.45045460941594
35.67784307770549, -12.51168011582726
35.69737997381441, -12.54228946874933
35.71691686992334, -12.57289882167139
35.73645376603225, -12.60350817459345
35.75599066214119, -12.63411752751552
35.7755125970023, -12.71065111067147
35.79504949311121, -12.74126046359353
35.81458638922015, -12.7718698165156
35.83412328532907, -12.80247916943765
35.853660181438, -12.83308852235973
35.8731821162991, -12.90962210551568
35.89271901240803, -12.94023145843774
35.91225590851695, -12.9708408113598
35.93179280462587, -13.00145016428187
35.9513297007348, -13.03205951720394
35.97085163559591, -13.10859310035988
35.99038853170483, -13.13920245328195
36.00992542781376, -13.16981180620401
36.02946232392269, -13.20042115912607
36.04899922003161, -13.23103051204814
36.06852115489271, -13.30756409520409
36.08805805100165, -13.33817344812615
36.10759494711057, -13.36878280104822
36.12713184321949, -13.39939215397028
36.14666873932842, -13.43000150689235
36.16619067418953, -13.50653509004829
36.18572258321584, -13.55245251971498
36.20525947932477, -13.58306187263705
36.22479138835109, -13.62897930230374
36.24432828446001, -13.65958865522581
36.26386518056894, -13.69019800814787
36.28340207667786, -13.72080736106994
36.30293897278679, -13.751416713992
36.32246090764789, -13.82795029714795
36.34199780375683, -13.85855965007002
36.36153469986574, -13.88916900299208
36.38107159597467, -13.91977835591415
36.4006084920836, -13.95038770883621
36.42014538819252, -13.98099706175828
36.43968727138405, -13.99629833793571
36.45921918041037, -14.04221576760241
36.47877103776712, -14.02690089029059
36.49832289512386, -14.01158601297877
36.5178747524806, -13.99627113566695
36.53742660983735, -13.98095625835513
36.55697846719409, -13.96564138104332
36.57652533746823, -13.96563458047613
36.59607719482497, -13.95031970316431
36.61562905218171, -13.93500482585249
36.63518090953846, -13.91968994854068
36.65473276689519, -13.90437507122886
36.67428462425194, -13.88906019391704
36.69383648160868, -13.87374531660522
36.71338335188282, -13.87373851603803
36.73293520923956, -13.85842363872622
36.7524820795137, -13.85841683815902
36.77203393687043, -13.84310196084721
36.79158579422719, -13.82778708353539
36.81113266450132, -13.8277802829682
36.83068452185806, -13.81246540565638
36.85023637921481, -13.79715052834457
36.86978324948895, -13.79714372777737
36.88933510684569, -13.78182885046556
36.90888696420244, -13.76651397315374
36.92843383447657, -13.76650717258655
36.94798569183332, -13.75119229527473
36.96753256210745, -13.75118549470754
36.9870844194642, -13.73587061739573
37.00663627682093, -13.72055574008391
37.02618314709508, -13.72054893951672
37.04573500445182, -13.7052340622049
37.06528686180856, -13.68991918489308
37.0848337320827, -13.68991238432588
37.10438558943944, -13.67459750701408
37.12393744679618, -13.65928262970226
37.14348431707032, -13.65927582913507
37.16303617442706, -13.64396095182324
37.1825830447012, -13.64395415125606
37.20213490205795, -13.62863927394424
37.22168675941469, -13.61332439663243
37.24123362968883, -13.61331759606524
37.26078548704557, -13.59800271875342
37.28033734440231, -13.5826878414416
37.29988421467645, -13.58268104087441
37.31943607203319, -13.56736616356259
37.33898792938993, -13.55205128625078
37.35853479966407, -13.55204448568359
37.37808665702082, -13.53672960837177
37.39763352729496, -13.53672280780458
37.4171853846517, -13.52140793049276
37.43673724200843, -13.50609305318095
37.45628411228257, -13.50608625261376
37.47583596963931, -13.49077137530194
37.49538782699606, -13.47545649799012
37.51493469727019, -13.47544969742292
37.53448655462694, -13.46013482011111
37.55403841198367, -13.4448199427993
37.57358528225782, -13.44481314223211
37.59313713961456, -13.42949826492028
37.61268400988869, -13.4294914643531
37.63223586724544, -13.41417658704128
37.65178772460219, -13.39886170972946
37.67133459487632, -13.39885490916227
37.69088645223307, -13.38354003185046
37.71043830958981, -13.36822515453864
37.72998517986395, -13.36821835397145
37.74953703722069, -13.35290347665963
37.76908889457744, -13.33758859934781
37.78863576485157, -13.33758179878062
37.80818762220832, -13.32226692146881
37.82773449248245, -13.32226012090162
37.84728634983919, -13.3069452435898
37.86683820719594, -13.29163036627798
37.88638507747007, -13.29162356571079
37.90593693482682, -13.27630868839898
37.92548879218356, -13.26099381108716
37.9450356624577, -13.26098701051996
37.96458751981444, -13.24567213320815
37.98413937717118, -13.23035725589633
38.00368624744532, -13.23035045532914
38.02323810480207, -13.21503557801732
38.0427849750762, -13.21502877745013
38.06233683243295, -13.19971390013832
38.08188868978969, -13.1843990228265
38.10143556006383, -13.18439222225931
38.12098741742057, -13.16907734494749
38.14053927477731, -13.15376246763568
38.16008614505144, -13.15375566706849
38.17963800240819, -13.13844078975667
38.19918985976494, -13.12312591244485
38.21873673003908, -13.12311911187766
38.23828858739581, -13.10780423456584
38.25783545766996, -13.10779743399865
38.27738731502669, -13.09248255668684
38.29693917238343, -13.07716767937502
38.31648604265757, -13.07716087880783
38.3360379000143, -13.06184600149601
38.35558975737106, -13.0465311241842
38.3751366276452, -13.046524323617
38.39468848500193, -13.03120944630519
38.41424034235868, -13.01589456899337
38.43378721263282, -13.01588776842618
38.45333906998956, -13.00057289111436
38.4728859402637, -13.00056609054717
38.49243779762044, -12.98525121323535
38.51198965497719, -12.96993633592354
38.53153652525133, -12.96992953535635
38.55108838260807, -12.95461465804453
38.5706402399648, -12.93929978073271
38.59018711023895, -12.93929298016551
38.60973896759569, -12.92397810285371
38.62929082495243, -12.90866322554189
38.64883769522657, -12.9086564249747
38.66838955258331, -12.89334154766287
38.68793642285745, -12.89333474709569
38.70748828021419, -12.87801986978387
38.72704013757094, -12.86270499247206
38.74658700784507, -12.86269819190487
38.76613886520182, -12.84738331459305
38.78569072255855, -12.83206843728123
38.8052375928327, -12.83206163671404
38.82478945018944, -12.81674675940222
38.84434130754618, -12.80143188209041
38.86388817782032, -12.80142508152322
38.88344003517707, -12.7861102042114
38.9029869054512, -12.78610340364421
38.92253876280795, -12.77078852633239
38.94209062016468, -12.75547364902057
38.96163749043883, -12.75546684845338
38.98118934779556, -12.74015197114157
39.00074120515231, -12.72483709382975
39.02028807542644, -12.72483029326255
39.0398399327832, -12.70951541595074
39.05939179013993, -12.69420053863892
39.07893866041407, -12.69419373807173
39.09849051777081, -12.67887886075991
39.11803738804495, -12.67887206019273
39.13758924540169, -12.66355718288091
39.15714110275843, -12.64824230556909
39.17668797303257, -12.6482355050019
39.19623983038932, -12.63292062769009
39.21579168774606, -12.61760575037827
39.2353385580202, -12.61759894981108
39.25489041537694, -12.60228407249926
39.27444227273368, -12.58696919518743
39.29398914300782, -12.58696239462025
39.31354100036456, -12.57164751730842
39.3330878706387, -12.57164071674124
39.35263972799545, -12.55632583942943
39.37219158535219, -12.54101096211761
39.39173845562632, -12.54100416155042
39.41129031298307, -12.5256892842386
39.43084217033981, -12.51037440692679
39.45038904061395, -12.51036760635959
39.46994089797069, -12.49505272904778
39.48949275532743, -12.47973785173596
39.50903962560157, -12.47973105116877
39.52859148295832, -12.46441617385695
39.54813835323245, -12.46440937328976
39.56769021058919, -12.44909449597795
39.58724206794594, -12.43377961866613
39.60678893822007, -12.43377281809894
39.62634079557681, -12.41845794078712
39.64589265293355, -12.40314306347531
39.6654395232077, -12.4031362629081
39.68499138056444, -12.3878213855963
39.70454323792119, -12.37250650828448
39.72409010819532, -12.37249970771729
39.74364196555207, -12.35718483040546
39.7631888358262, -12.35717802983828
39.78274069318294, -12.34186315252646
39.80229255053968, -12.32654827521465
39.82183942081382, -12.32654147464746
39.84139127817057, -12.31122659733564
39.86094313552731, -12.29591172002382
39.88049000580145, -12.29590491945663
39.90004186315819, -12.28059004214482
39.91959372051493, -12.265275164833
39.93914059078907, -12.26526836426581
39.95869244814581, -12.24995348695399
39.97823931841995, -12.2499466863868
39.99779117577669, -12.23463180907498
40.01734303313344, -12.21931693176317
40.03688990340758, -12.21931013119598
40.05644176076432, -12.20399525388416
40.07599361812106, -12.18868037657234
40.09554048839519, -12.18867357600515
40.11509234575194, -12.17335869869333
40.13464420310868, -12.15804382138152
40.15419107338282, -12.15803702081433
40.17374293073956, -12.14272214350251
40.19328980101371, -12.14271534293532
40.21284165837044, -12.1274004656235
40.23239351572719, -12.11208558831168
40.25194038600132, -12.11207878774449
40.27149224335807, -12.09676391043268
40.29104410071481, -12.08144903312086
40.31059097098895, -12.08144223255367
40.33014282834569, -12.06612735524185
40.34969468570244, -12.05081247793004
40.36924155597657, -12.05080567736285
40.38879341333331, -12.03549080005103
40.40834028360745, -12.03548399948384
40.42789214096419, -12.02016912217202
40.44744399832094, -12.0048542448602
40.46699086859507, -12.00484744429301
40.48654272595181, -11.98953256698119
40.50609458330856, -11.97421768966938
40.5256414535827, -11.97421088910219
40.54519331093944, -11.95889601179037
40.56474516829618, -11.94358113447855
40.58429203857031, -11.94357433391136
40.60384389592706, -11.92825945659954
40.6233907662012, -11.92825265603234
40.64294262355794, -11.91293777872054
40.66249448091469, -11.89762290140872
40.68204135118883, -11.89761610084153
40.70159320854557, -11.8823012235297
40.72114506590231, -11.8669863462179
40.74069193617645, -11.86697954565071
40.76024379353319, -11.85166466833889
40.77979565088993, -11.83634979102706
40.79934252116406, -11.83634299045988
40.81889437852081, -11.82102811314806
40.83844124879494, -11.82102131258087
40.85799310615169, -11.80570643526906
40.87754496350843, -11.79039155795724
40.89709183378258, -11.79038475739005
40.9166436911393, -11.77506988007823
40.93619554849606, -11.75975500276641
40.95574241877019, -11.75974820219922
40.97529427612693, -11.74443332488741
40.99484114640107, -11.74442652432022
41.01439300375782, -11.7291116470084
41.03394486111456, -11.71379676969658
41.0534917313887, -11.71378996912938
41.07304358874544, -11.69847509181757
41.09259544610219, -11.68316021450576
41.11214231637632, -11.68315341393857
41.13169417373307, -11.66783853662674
41.15124603108981, -11.65252365931493
41.17079290136395, -11.65251685874774
41.19034475872069, -11.63720198143593
41.20989162899482, -11.63719518086874
41.22944348635157, -11.62188030355692
41.24899534370831, -11.6065654262451
41.26854221398245, -11.60655862567791
41.28809407133919, -11.59124374836609
41.30764592869592, -11.57592887105428
41.32719279897007, -11.57592207048708
41.34674465632682, -11.56060719317527
41.36629651368355, -11.54529231586345
41.3858433839577, -11.54528551529626
41.40539524131444, -11.52997063798444
41.42494211158857, -11.52996383741725
41.44449396894532, -11.51464896010544
41.46404582630206, -11.49933408279362
41.4835926965762, -11.49932728222643
41.50314455393295, -11.48401240491461
41.52269641128969, -11.46869752760279
41.54224328156383, -11.4686907270356
41.56179513892057, -11.45337584972379
41.58134699627731, -11.43806097241197
41.60089386655144, -11.43805417184478
41.62044572390818, -11.42273929453296
41.63999259418232, -11.42273249396577
41.65954445153907, -11.40741761665396
41.67909630889582, -11.39210273934214
41.69864317916995, -11.39209593877495
41.71819503652669, -11.37678106146313
41.73774689388343, -11.36146618415131
41.75729376415756, -11.36145938358412
41.77684562151431, -11.34614450627229
41.79639747887106, -11.33082962896049
41.81594434914519, -11.3308228283933
41.83549620650194, -11.31550795108148
41.85504307677608, -11.31550115051429
41.87459493413282, -11.30018627320247
41.89414679148956, -11.28487139589066
41.9136936617637, -11.28486459532347
41.93324551912043, -11.26954971801165
41.95279737647719, -11.25423484069983
41.97234424675132, -11.25422804013264
41.99189610410807, -11.23891316282082
42.01144796146481, -11.22359828550901
42.03099483173895, -11.22359148494182
42.05054668909569, -11.20827660763
42.07009355936982, -11.20826980706281
42.08964541672657, -11.19295492975099
42.10919727408331, -11.17764005243917
42.12874414435745, -11.17763325187198
42.14829600171418, -11.16231837456017
42.16784785907094, -11.14700349724835
42.18739472934507, -11.14699669668116
42.20694658670182, -11.13168181936934
42.22649844405856, -11.11636694205752
42.2460453143327, -11.11636014149033
42.26560215877204, -11.08573718743389
42.28517396445921, -11.00919000314355
42.30473080889856, -10.97856704908712
42.32428765333791, -10.94794409503067
42.34384449777725, -10.91732114097423
42.36340134221661, -10.88669818691778
42.38295818665596, -10.85607523286134
42.40251503109531, -10.82545227880489
42.42207187553466, -10.79482932474845
42.441628719974, -10.764206370692
42.46118556441336, -10.73358341663556
42.4807424088527, -10.70296046257911
42.50029925329205, -10.67233750852267
42.51985111064879, -10.65702263121085
42.53940795508813, -10.62639967715441
42.55896479952749, -10.59577672309796
42.57852164396684, -10.56515376904152
42.59807848840619, -10.53453081498507
42.61763533284554, -10.50390786092863
42.63719217728489, -10.47328490687218
42.65674902172424, -10.44266195281574
42.67630586616359, -10.41203899875929
42.69586271060294, -10.38141604470285
42.71541955504228, -10.3507930906464
42.73497639948163, -10.32017013658996
42.75453324392098, -10.28954718253352
42.77409008836032, -10.25892422847707
42.79364693279968, -10.22830127442062
42.81320377723903, -10.19767832036418
42.83276062167838, -10.16705536630774
42.85231746611773, -10.13643241225129
42.87187431055708, -10.10580945819485
42.89143115499643, -10.0751865041384
42.91098799943578, -10.04456355008196
42.93054484387512, -10.01394059602551
42.95010168831448, -9.98331764196907
42.96965853275382, -9.95269468791262
42.98921537719318, -9.92207173385618
43.00876723454991, -9.90675685654436
43.02832407898926, -9.87613390248791
43.04788092342861, -9.84551094843147
43.06743776786796, -9.81488799437502
43.08699461230731, -9.78426504031858
43.10655145674667, -9.75364208626214
43.12610830118601, -9.72301913220569
43.14566514562536, -9.69239617814925
43.16522199006471, -9.6617732240928
43.18477883450406, -9.63115027003636
43.2043356789434, -9.60052731597991
43.22389252338276, -9.56990436192347
43.2434493678221, -9.53928140786702
43.26300621226146, -9.50865845381057
43.2825630567008, -9.47803549975413
43.30211990114014, -9.44741254569769
43.3216767455795, -9.41678959164124
43.34123359001885, -9.3861666375848
43.3607904344582, -9.35554368352834
43.38034727889755, -9.32492072947191
43.3999041233369, -9.29429777541546
43.41946096777625, -9.26367482135901
43.43901781221559, -9.23305186730256
43.45857465665494, -9.20242891324613
43.4781315010943, -9.17180595918968
43.49768335845103, -9.15649108187787
43.51724020289038, -9.12586812782142
43.53679704732972, -9.09524517376498
43.55635389176908, -9.06462221970853
43.57591073620843, -9.03399926565209
43.59546758064779, -9.00337631159564
43.61502442508713, -8.9727533575392
43.63458126952648, -8.94213040348275
43.65413811396583, -8.91150744942631
43.67369495840518, -8.88088449536986
43.69325180284453, -8.85026154131342
43.71280864728387, -8.81963858725697
43.73236549172322, -8.78901563320053
43.75192233616257, -8.75839267914408
43.77147918060192, -8.72776972508764
43.79103602504127, -8.69714677103119
43.81059286948062, -8.66652381697475
43.83014971391996, -8.63590086291831
43.84970655835932, -8.60527790886186
43.86926340279867, -8.57465495480541
43.88882024723802, -8.54403200074896
43.90837709167737, -8.51340904669251
43.92793393611672, -8.48278609263608
43.94749078055606, -8.45216313857964
43.96704762499541, -8.42154018452318
43.98660446943476, -8.39091723046675
44.0061563267915, -8.37560235315493
44.02571317123085, -8.34497939909848
44.04527001567021, -8.31435644504204
44.06482686010955, -8.2837334909856
44.08438370454891, -8.25311053692915
44.10394054898825, -8.2224875828727
44.12349739342761, -8.19186462881626
44.14305423786695, -8.16124167475981
44.16261108230629, -8.13061872070337
44.18216792674565, -8.09999576664693
44.20172477118499, -8.06937281259048
44.22128161562434, -8.03874985853403
44.24083846006369, -8.00812690447759
44.26039530450304, -7.97750395042114
44.27995214894239, -7.9468809963647
44.29950899338173, -7.91625804230825
44.31906583782109, -7.88563508825181
44.33862268226044, -7.85501213419537
44.35817952669979, -7.82438918013892
44.37773637113914, -7.79376622608247
44.39729321557849, -7.76314327202603
44.41685006001784, -7.73252031796959
44.43640690445718, -7.70189736391313
44.45596374889654, -7.6712744098567
44.47552059333588, -7.64065145580025
44.49507245069262, -7.62533657848843
44.51462929513198, -7.59471362443199
44.53418613957133, -7.56409067037554
44.55374298401068, -7.5334677163191
44.57329982845002, -7.50284476226266
44.59285667288937, -7.47222180820621
44.61241351732872, -7.44159885414976
44.63197036176807, -7.41097590009332
44.65152720620741, -7.38035294603688
44.67108405064677, -7.34972999198043
44.69064089508611, -7.31910703792399
44.71019773952547, -7.28848408386754
44.72975458396481, -7.2578611298111
44.74931142840416, -7.22723817575465
44.76886827284351, -7.19661522169821
44.78842511728286, -7.16599226764176
44.80798196172221, -7.13536931358532
44.82753880616155, -7.10474635952887
44.84709565060091, -7.07412340547243
44.86665249504026, -7.04350045141598
44.88620933947961, -7.01287749735954
44.90576618391896, -6.98225454330309
44.92532302835831, -6.95163158924665
44.94487987279766, -6.9210086351902
44.964436717237, -6.89038568113376
44.98398857459375, -6.87507080382194
45.0035454190331, -6.8444478497655
45.02310226347244, -6.81382489570905
45.0426591079118, -6.78320194165261
45.06221595235114, -6.75257898759616
45.08177279679049, -6.72195603353972
45.10132964122984, -6.69133307948327
45.12088648566919, -6.66071012542683
45.14044333010854, -6.63008717137038
45.16000017454789, -6.59946421731394
45.17955701898723, -6.56884126325749
45.19911386342658, -6.53821830920105
45.21867070786593, -6.5075953551446
45.23822755230528, -6.47697240108816
45.25778439674463, -6.44634944703171
45.27734124118398, -6.41572649297527
45.29689808562332, -6.38510353891882
45.31645493006268, -6.35448058486238
45.33601177450203, -6.32385763080593
45.35556861894138, -6.29323467674949
45.37512546338073, -6.26261172269304
45.39468230782007, -6.2319887686366
45.41423915225943, -6.20136581458016
45.43379599669877, -6.17074286052371
45.45335284113813, -6.14011990646727
45.47290968557747, -6.10949695241082
45.49246154293422, -6.094182075099
45.51201838737356, -6.06355912104256
45.53157523181292, -6.03293616698611
45.55113207625226, -6.00231321292967
45.57068892069162, -5.97169025887322
45.59024576513096, -5.94106730481678
45.60980260957031, -5.91044435076033
45.62935945400966, -5.87982139670389
45.64891629844901, -5.84919844264745
45.66847314288835, -5.818575488591
45.68802998732771, -5.78795253453456
45.70758683176705, -5.75732958047811
45.7271436762064, -5.72670662642167
45.74670052064575, -5.69608367236522
45.7662573650851, -5.66546071830878
45.78581420952445, -5.63483776425233
45.8053710539638, -5.60421481019589
45.82492789840314, -5.57359185613944
45.8444847428425, -5.542968902083
45.86404158728185, -5.51234594802655
45.8835984317212, -5.48172299397011
45.90315527616055, -5.45110003991366
45.92271212059989, -5.42047708585722
45.94226896503925, -5.38985413180077
45.96182580947859, -5.35923117774433
45.98137766683534, -5.34391630043251
46.00093451127469, -5.31329334637606
46.02049135571404, -5.28267039231961
46.04004820015338, -5.25204743826318
46.05960504459274, -5.22142448420673
46.07916188903208, -5.19080153015028
46.09871873347143, -5.16017857609384
46.11827557791078, -5.1295556220374
46.13783242235013, -5.09893266798095
46.15738926678948, -5.06830971392451
46.17694611122883, -5.03768675986806
46.19650295566817, -5.00706380581162
46.21605980010752, -4.97644085175517
46.23561664454687, -4.94581789769873
46.25517348898622, -4.91519494364228
46.27473033342557, -4.88457198958584
46.29428717786491, -4.85394903552939
46.31384402230427, -4.82332608147295
46.33340086674362, -4.7927031274165
46.35295771118297, -4.76208017336006
46.37251455562232, -4.73145721930361
46.39207140006167, -4.70083426524717
46.41162824450101, -4.67021131119072
46.43118508894036, -4.63958835713428
46.45074193337971, -4.60896540307783
46.47029877781907, -4.57834244902139
46.48985063517581, -4.56302757170956
46.50940747961516, -4.53240461765313
46.5289643240545, -4.50178166359668
46.54852116849386, -4.47115870954023
46.5680780129332, -4.44053575548378
46.58763485737256, -4.40991280142735
46.6071917018119, -4.3792898473709
46.62674854625123, -4.34866689331445
46.6463053906906, -4.318043939258
46.66586223512994, -4.28742098520157
46.68541907956929, -4.25679803114512
46.70497592400864, -4.22617507708868
46.72453276844799, -4.19555212303223
46.74408961288734, -4.16492916897579
46.76364645732669, -4.13430621491935
46.78320330176604, -4.1036832608629
46.80276014620539, -4.07306030680645
46.82231699064473, -4.04243735275001
46.84187383508409, -4.01181439869357
46.86143067952344, -3.98119144463712
46.88098752396279, -3.95056849058068
46.90054436840214, -3.91994553652423
46.92010121284149, -3.88932258246779
46.93965805728083, -3.85869962841134
46.95921490172018, -3.8280766743549
46.97876675907693, -3.81276179704308
46.99832360351628, -3.78213884298664
47.01788044795563, -3.75151588893018
47.03743729239498, -3.72089293487373
47.05699413683432, -3.6902699808173
47.07655098127367, -3.65964702676085
47.09610782571302, -3.6290240727044
47.11566467015236, -3.59840111864797
47.13522151459172, -3.56777816459152
47.15477835903106, -3.53715521053507
47.17433520347042, -3.50653225647862
47.19389204790976, -3.47590930242219
47.21344889234911, -3.44528634836574
47.23300573678846, -3.41466339430929
47.25256258122781, -3.38404044025285
47.27211942566716, -3.35341748619641
47.2916762701065, -3.32279453213996
47.31123311454586, -3.29217157808352
47.33078995898521, -3.26154862402707
47.35034680342456, -3.23092566997063
47.36990364786391, -3.20030271591418
47.38946049230326, -3.16967976185774
47.40901733674261, -3.13905680780129
47.42857418118195, -3.10843385374485
47.44813102562131, -3.0778108996884
47.46768288297805, -3.06249602237659
47.48723972741739, -3.03187306832014
47.50679657185675, -3.0012501142637
47.52635341629609, -2.97062716020725
47.54591026073544, -2.94000420615081
47.56546710517479, -2.90938125209436
47.58502394961413, -2.87875829803792
47.60458079405349, -2.84813534398147
47.62413763849284, -2.81751238992502
47.64369448293218, -2.78688943586857
47.66325132737154, -2.75626648181214
47.68280817181088, -2.72564352775569
47.70236501625023, -2.69502057369924
47.72192186068958, -2.66439761964279
47.74147870512893, -2.63377466558636
47.76103554956828, -2.60315171152991
47.78059239400763, -2.57252875747346
47.80014923844698, -2.54190580341701
47.81970608288632, -2.51128284936058
47.83926292732568, -2.48065989530413
47.85881977176503, -2.45003694124769
47.87837661620438, -2.41941398719124
47.89793346064372, -2.3887910331348
47.91749030508306, -2.35816807907836
47.93704714952242, -2.32754512502191
47.95660399396177, -2.29692217096547
47.97615585131851, -2.28160729365365
47.99571269575787, -2.2509843395972
48.01526954019721, -2.22036138554076
48.03482638463657, -2.18973843148431
48.05438322907591, -2.15911547742787
48.07394007351526, -2.12849252337142
48.09349691795461, -2.09786956931498
48.11305376239396, -2.06724661525853
48.1326106068333, -2.03662366120209
48.15216745127266, -2.00600070714564
48.171724295712, -1.9753777530892
48.19128114015135, -1.94475479903276
48.2108379845907, -1.91413184497631
48.23039482903005, -1.88350889091986
48.2499516734694, -1.85288593686341
48.26950851790875, -1.82226298280698
48.28906536234809, -1.79164002875053
48.30862220678745, -1.76101707469408
48.3281790512268, -1.73039412063763
48.34773589566614, -1.6997711665812
48.3672927401055, -1.66914821252475
48.38684958454483, -1.6385252584683
48.4064064289842, -1.60790230441185
48.42596327342354, -1.57727935035542
48.44552011786289, -1.54665639629897
48.46507197521964, -1.53134151898716
48.48462881965899, -1.50071856493071
48.50418566409833, -1.47009561087427
48.52374250853769, -1.43947265681782
48.54329935297703, -1.40884970276138
48.56285619741638, -1.37822674870493
48.58241304185572, -1.34760379464849
48.60196988629508, -1.31698084059204
48.62152673073443, -1.2863578865356
48.64108357517378, -1.25573493247915
48.66064041961312, -1.22511197842271
48.68019726405248, -1.19448902436626
48.69975410849182, -1.16386607030982
48.71931095293117, -1.13324311625337
48.73886779737052, -1.10262016219693
48.75842464180987, -1.07199720814048
48.77798148624922, -1.04137425408404
48.79753833068857, -1.01075130002759
48.81709517512791, -0.98012834597115
48.83665201956727, -0.9495053919147
48.85620886400662, -0.91888243785825
48.87576570844596, -0.8882594838018
48.89532255288532, -0.85763652974537
48.91487939732465, -0.82701357568892
48.93443624176401, -0.79639062163247
48.95399308620336, -0.76576766757602
48.97354494356011, -0.75045279026422
48.99310178799945, -0.71982983620777
49.01264865827359, -0.71982303564058
49.03220051563034, -0.70450815832877
49.05174738590448, -0.70450135776158
49.07129425617861, -0.70449455719439
49.09084112645275, -0.70448775662719
49.11039298380949, -0.68917287931538
49.12993985408363, -0.68916607874819
49.14949171144037, -0.67385120143637
49.1690385817145, -0.67384440086918
49.18859043907125, -0.65852952355736
49.20814229642799, -0.64321464624555
49.22768916670213, -0.64320784567836
49.24724102405887, -0.62789296836654
49.26679288141562, -0.61257809105472
49.28633975168975, -0.61257129048753
49.3058916090465, -0.5972564131757
49.32544346640324, -0.5819415358639
49.34499033667737, -0.58193473529671
49.36454219403412, -0.56661985798489
49.38408906430825, -0.5666130574177
49.40364092166498, -0.55129818010588
49.42319277902174, -0.53598330279406
49.44273964929588, -0.53597650222687
49.46229150665261, -0.52066162491506
49.48184336400937, -0.50534674760324
49.50139023428351, -0.50533994703605
49.52094209164026, -0.49002506972423
49.54049394899699, -0.47471019241241
49.56004081927113, -0.47470339184522
49.57959267662788, -0.45938851453341
49.599139546902, -0.45938171396622
49.61869140425875, -0.4440668366544
49.63824326161549, -0.42875195934258
49.65779013188963, -0.42874515877538
49.67734198924637, -0.41343028146358
49.69689384660311, -0.39811540415176
49.71644071687725, -0.39810860358457
49.73599257423399, -0.38279372627274
49.75554443159073, -0.36747884896093
49.77509130186487, -0.36747204839374
49.79463817213901, -0.36746524782655
49.81419002949576, -0.35215037051474
49.83373689976988, -0.35214356994755
49.85328875712664, -0.33682869263573
49.87284061448339, -0.32151381532391
49.89238748475753, -0.32150701475672
49.91193934211425, -0.3061921374449
49.9314862123884, -0.3061853368777
49.95103806974515, -0.2908704595659
49.931491199471, -0.29087726013309
49.91194432919686, -0.29088406070028

